3
300
601
904
1204
1503
1800
2103
2401
2702
3001
3304
3604
3901
4202
4502
4803
5103
5400
5703
6003
6303
6602
6904
7203
7502
7803
8102
8402
8703
9000
9300
9603
9903
10202
10500
10801
11102
11400
11703
12004
12302
12602
12900
13200
13502
13800
14101
14402
14700
15004
15301
15603
15902
16200
16504
16804
17103
17401
17704
18001
18301
18604
18902
19202
19503
19802
20103
20400
20702
21001
21301
21601
21901
22204
22502
22803
23104
23400
23700
24004
24304
24601
24900
25203
25503
25804
26100
26404
26700
27004
27302
27604
27900
28204
28501
28804
29103
29404
29704
30003
30303
30603
30904
31204
31502
31801
32104
32401
32701
33004
33302
33603
33903
34202
34501
34801
35103
35401
35702
36004
36300
36600
36900
37201
37504
37803
38102
38400
38704
39001
39303
39602
39904
40202
40503
40803
41101
41402
41704
42004
42304
42602
42902
43202
43501
43804
44100
44400
44702
45003
45301
45600
45903
46201
46501
46804
47104
47400
47704
48000
48301
48604
48903
49203
49502
