2
302
600
901
1200
1500
1802
2100
2400
2702
3001
3300
3601
3900
4201
4501
4802
5101
5402
5700
6001
6302
6600
6902
7201
7501
7801
8100
8402
8702
9002
9301
9601
9900
10201
10500
10800
11100
11401
11701
12002
12300
12601
12901
13201
13501
13801
14102
14400
14700
15002
15302
15602
15900
16201
16502
16801
17102
17402
17702
18001
18301
18600
18901
19200
19502
19801
20100
20402
20702
21001
21302
21600
21901
22202
22502
22802
23100
23402
23702
24000
24301
24601
24901
25202
25500
25800
26102
26401
26702
27001
27300
27602
27902
28201
28502
28802
29100
29402
29701
30001
30302
30602
30901
31200
31501
31800
32100
32401
32702
33002
33302
33602
33902
34200
34501
34802
35101
35400
35701
36001
36301
36602
36901
37201
37500
37801
38101
38402
38701
39002
39300
39600
39901
40201
40501
40800
41100
41401
41701
42000
42302
42601
42902
43201
43502
43801
44101
44401
44702
45000
45300
45602
45902
46201
46500
46800
47102
47402
47702
48001
48301
48600
48902
49201
49502
