353
635
1086
1039
1419
2388
2525
2448
2991
3272
3151
3954
3724
4686
4762
4627
5168
5803
5570
6468
6808
6473
7332
7499
8008
7822
8098
8142
8537
8993
9575
9790
10228
10113
10882
10500
11001
11607
11800
12493
12179
12852
13147
13255
13690
13762
14335
14111
14517
15405
15779
15326
16478
16512
16825
17339
16834
17123
18281
17924
18316
18856
19314
18997
20022
20048
19897
20223
20555
21197
21016
21686
21801
22516
22994
23192
23678
23529
24155
23795
24234
24934
24721
25165
25598
26298
26004
26585
27274
26885
27709
27642
28394
28475
28639
29216
29024
29688
30239
30079
30238
30308
31418
31339
31824
32212
32031
32754
32641
32786
33749
33827
34373
33923
34992
34771
35621
35248
36156
36547
36334
36865
36890
37180
37441
38229
37948
38617
38870
38839
39896
40008
39747
40714
40447
41323
41478
41631
41977
41719
42669
42779
43147
43442
43702
43991
44614
44575
45040
45422
45423
45426
46040
46613
46606
47181
47394
47654
47750
47864
48745
48646
48624
49793
49513
49772
