1
303
602
903
1203
1500
1801
2100
2403
2700
3003
3302
3600
3902
4202
4503
4800
5103
5402
5700
6000
6301
6600
6903
7200
7502
7802
8102
8401
8701
9003
9302
9600
9901
10202
10500
10801
11103
11400
11701
12003
12300
12603
12903
13202
13502
13803
14103
14401
14701
15003
15302
15602
15900
16201
16503
16802
17103
17401
17700
18000
18300
18602
18901
19202
19500
19801
20103
20403
20701
21000
21302
21601
21900
22202
22500
22802
23101
23403
23703
24002
24302
24601
24901
25202
25502
25800
26101
26402
26701
27001
27302
27602
27903
28203
28500
28800
29100
29403
29703
30002
30300
30602
30903
31200
31500
31803
32102
32401
32702
33001
33303
33601
33903
34200
34503
34801
35100
35400
35703
36002
36301
36602
36900
37201
37501
37800
38101
38402
38703
39000
39300
39603
39902
40203
40503
40802
41103
41401
41703
42001
42303
42603
42902
43202
43503
43802
44103
44400
44702
45003
45302
45600
45901
46202
46501
46802
47102
47402
47700
48001
48302
48600
48901
49201
49500
