5
305
600
901
1203
1500
1805
2100
2403
2702
3001
3300
3604
3900
4204
4501
4802
5101
5402
5700
6004
6305
6600
6905
7204
7504
7804
8100
8405
8705
9005
9304
9604
9903
10204
10500
10803
11103
11404
11701
12005
12300
12601
12901
13204
13504
13801
14105
14403
14703
15005
15302
15602
15900
16201
16505
16804
17105
17405
17702
18004
18304
18600
18901
19200
19502
19801
20103
20405
20705
21004
21302
21603
21904
22202
22502
22802
23103
23405
23705
24000
24304
24601
24901
25202
25500
25800
26105
26404
26705
27001
27300
27602
27905
28201
28502
28802
29100
29405
29701
30004
30302
30602
30901
31200
31504
31803
32100
32401
32702
33005
33305
33605
33905
34200
34501
34805
35104
35400
35701
36004
36301
36602
36904
37201
37503
37804
38101
38402
38701
39002
39300
39603
39904
40201
40501
40800
41103
41401
41701
42003
42305
42601
42902
43204
43505
43804
44101
44404
44702
45003
45300
45602
45905
46204
46503
46800
47102
47402
47702
48001
48304
48600
48905
49201
49502
