1
307
606
903
1203
1504
1805
2100
2403
2700
3007
3306
3600
3906
4202
4503
4804
5107
5406
5704
6000
6305
6600
6903
7200
7506
7806
8102
8405
8701
9007
9306
9600
9905
10202
10504
10801
11107
11404
11705
12007
12304
12603
12907
13202
13506
13803
14107
14405
14701
15003
15306
15606
15904
16201
16507
16802
17107
17401
17700
18000
18300
18606
18901
19206
19500
19805
20107
20407
20701
21004
21306
21605
21900
22206
22500
22806
23101
23407
23703
24002
24302
24601
24901
25206
25502
25800
26101
26402
26701
27001
27302
27602
27907
28203
28500
28800
29100
29407
29707
30002
30304
30606
30907
31204
31504
31807
32102
32405
32706
33005
33307
33601
33907
34200
34507
34801
35100
35400
35703
36002
36301
36606
36904
37201
37501
37804
38101
38402
38703
39000
39304
39607
39906
40203
40503
40802
41103
41405
41707
42001
42303
42607
42902
43202
43507
43802
44103
44400
44702
45007
45302
45604
45905
46206
46505
46806
47102
47406
47700
48005
48306
48604
48905
49205
49500
