1
301
600
901
1201
1500
1801
2100
2401
2700
3001
3300
3600
3900
4200
4501
4800
5101
5400
5700
6000
6301
6600
6901
7200
7500
7800
8100
8401
8701
9001
9300
9600
9901
10200
10500
10801
11101
11400
11701
12001
12300
12601
12901
13200
13500
13801
14101
14401
14701
15001
15300
15600
15900
16201
16501
16800
17101
17401
17700
18000
18300
18600
18901
19200
19500
19801
20101
20401
20701
21000
21300
21601
21900
22200
22500
22800
23101
23401
23701
24000
24300
24601
24901
25200
25500
25800
26101
26400
26701
27001
27300
27600
27901
28201
28500
28800
29100
29401
29701
30000
30300
30600
30901
31200
31500
31801
32100
32401
32700
33001
33301
33601
33901
34200
34501
34801
35100
35400
35701
36000
36301
36600
36900
37201
37501
37800
38101
38400
38701
39000
39300
39601
39900
40201
40501
40800
41101
41401
41701
42001
42301
42601
42900
43200
43501
43800
44101
44400
44700
45001
45300
45600
45901
46200
46501
46800
47100
47400
47700
48001
48300
48600
48901
49201
49500
