0
305
600
906
1202
1506
1800
2102
2406
2705
3005
3305
3600
3901
4201
4501
4806
5101
5404
5702
6001
6300
6601
6906
7205
7503
7804
8100
8406
8700
9002
9306
9605
9900
10204
10506
10806
11104
11406
11706
12002
12305
12604
12900
13204
13504
13800
14102
14403
14704
15004
15305
15604
15906
16204
16501
16802
17101
17401
17700
18001
18303
18606
18905
19202
19501
19804
20101
20405
20703
21000
21305
21606
21903
22204
22504
22800
23104
23404
23703
24001
24301
24601
24904
25205
25503
25805
26106
26403
26706
27006
27302
27601
27903
28200
28503
28805
29102
29404
29703
30004
30303
30600
30903
31206
31504
31800
32104
32401
32704
33000
33300
33604
33900
34204
34502
34803
35100
35401
35704
36000
36300
36600
36906
37204
37500
37800
38100
38401
38702
39003
39305
39605
39903
40201
40502
40805
41100
41406
41706
42002
42305
42600
42906
43205
43502
43802
44106
44403
44701
45004
45301
45600
45904
46200
46504
46802
47100
47402
47703
48000
48305
48606
48906
49200
49501
