2
302
600
904
1203
1506
1805
2106
2406
2705
3007
3306
3607
3903
4204
4501
4808
5101
5408
5703
6007
6302
6603
6905
7207
7507
7801
8106
8402
8705
9008
9304
9607
9906
10207
10500
10803
11103
11404
11701
12008
12303
12607
12904
13204
13501
13804
14102
14400
14703
15005
15308
15605
15900
16204
16502
16807
17105
17408
17708
18001
18307
18603
18907
19203
19508
19807
20106
20402
20702
21007
21308
21603
21904
22202
22508
22805
23106
23408
23705
24000
24304
24604
24904
25202
25506
25806
26108
26401
26705
27007
27300
27602
27908
28207
28505
28808
29103
29402
29701
30004
30308
30608
30907
31203
31501
31806
32106
32407
32705
33002
33305
33608
33905
34200
34501
34802
35104
35400
35701
36001
36307
36602
36901
37207
37500
37804
38104
38402
38704
39005
39306
39603
39904
40204
40504
40803
41100
41401
41701
42003
42302
42607
42902
43207
43505
43804
44107
44401
44702
45000
45300
45608
45902
46201
46506
46800
47105
47408
47702
48007
48304
48606
48902
49207
49502
