3
7
8
8
8
11
18
19
21
24
26
27
27
30
38
41
43
43
46
51
52
54
56
57
58
58
65
67
68
69
71
79
81
83
84
86
88
91
92
94
97
109
110
111
111
112
115
122
123
127
128
135
140
142
143
143
145
149
152
156
156
156
158
159
164
165
169
170
172
175
177
179
179
181
181
183
186
191
191
200
203
203
207
207
209
211
217
222
223
223
225
225
226
226
226
229
229
233
234
234
236
237
240
240
240
242
245
246
248
251
256
268
270
275
276
282
283
286
286
297
298
298
303
307
309
309
312
313
314
316
317
318
324
327
329
330
330
331
333
340
345
351
351
354
355
369
372
372
375
378
380
383
389
390
391
397
399
400
403
410
415
419
425
431
434
435
436
438
445
445
448
448
450
452
454
455
456
459
460
461
463
464
466
475
479
488
489
492
494
496
506
506
507
508
513
513
517
517
524
527
532
535
541
545
545
545
551
551
556
558
563
565
565
565
566
573
582
583
589
591
595
598
606
606
608
612
616
618
619
625
629
633
639
640
640
641
642
644
662
662
662
666
667
669
670
671
671
676
677
677
681
685
685
686
686
690
692
693
696
702
702
704
705
707
710
711
719
719
720
724
732
733
734
737
747
756
756
759
759
761
768
771
772
781
783
783
784
786
800
802
802
803
807
812
818
820
823
827
828
828
829
842
846
847
847
865
871
872
873
876
880
880
887
887
891
892
898
899
900
906
906
910
911
912
916
916
917
919
919
924
934
935
937
939
942
944
948
962
969
972
981
985
986
986
986
988
988
988
995
996
999
1002
1005
1006
1006
1007
1019
1021
1021
1028
1029
1031
1031
1034
1043
1046
1046
1052
1053
1054
1056
1062
1069
1069
1071
1073
1075
1076
1080
1081
1081
1092
1098
1098
1100
1104
1113
1114
1116
1119
1119
1119
1120
1121
1123
1126
1128
1131
1138
1138
1156
1162
1164
1168
1176
1179
1183
1187
1194
1195
1195
1204
1206
1208
1212
1219
1219
1223
1224
1231
1231
1234
1235
1238
1239
1241
1243
1245
1250
1256
1256
1257
1264
1266
1273
1278
1282
1292
1294
1294
1295
1295
1296
1300
1301
1307
1308
1308
1309
1311
1314
1316
1335
1346
1351
1358
1361
1363
1366
1367
1372
1374
1376
1377
1379
1380
1382
1382
1385
1394
1396
1396
1401
1411
1415
1417
1420
1426
1430
1432
1435
1436
1440
1441
1445
1446
1448
1449
1451
1462
1465
1467
1467
1468
1469
1475
1477
1477
1486
1488
1490
1490
1492
1495
1497
1498
1501
1506
1507
1509
1510
1515
1515
1521
1524
1525
1527
1528
1538
1538
1539
1544
1545
1545
1550
1551
1553
1576
1576
1579
1592
1596
1605
1606
1607
1609
1609
1609
1617
1624
1627
1631
1635
1645
1647
1649
1655
1657
1661
1664
1665
1668
1669
1674
1675
1677
1683
1684
1686
1686
1689
1691
1708
1708
1709
1713
1717
1717
1726
1728
1728
1738
1738
1748
1748
1750
1756
1758
1758
1769
1771
1773
1778
1779
1784
1818
1822
1825
1835
1843
1847
1848
1853
1853
1859
1865
1866
1870
1873
1874
1877
1883
1884
1892
1897
1897
1899
1899
1904
1904
1904
1909
1915
1916
1916
1916
1918
1921
1923
1924
1924
1924
1928
1930
1930
1940
1941
1942
1952
1954
1963
1969
1975
1978
1981
1981
1983
1985
1991
1994
1999
2009
2026
2027
2040
2041
2042
2043
2046
2049
2050
2052
2059
2064
2068
2072
2073
2075
2075
2079
2080
2082
2082
2083
2086
2087
2089
2091
2092
2100
2104
2105
2107
2112
2116
2118
2121
2121
2127
2128
2129
2134
2136
2139
2142
2148
2171
2171
2172
2173
2179
2182
2190
2197
2200
2200
2201
2203
2203
2204
2208
2208
2209
2211
2214
2214
2216
2224
2228
2228
2230
2232
2234
2235
2236
2237
2237
2239
2240
2244
2253
2254
2258
2259
2265
2265
2265
2266
2273
2275
2281
2285
2289
2292
2296
2297
2309
2314
2315
2324
2324
2326
2332
2335
2335
2340
2340
2343
2349
2351
2352
2353
2353
2355
2360
2360
2362
2364
2371
2372
2374
2379
2381
2384
2388
2390
2394
2404
2406
2414
2416
2426
2426
2432
2434
2434
2435
2440
2441
2441
2445
2447
2447
2457
2459
2462
2464
2474
2475
2480
2480
2489
2490
2493
2504
2514
2518
2520
2523
2525
2527
2530
2533
2534
2537
2546
2550
2555
2555
2560
2564
2568
2574
2579
2581
2583
2592
2593
2601
2605
2615
2617
2618
2620
2623
2624
2628
2638
2638
2640
2648
2654
2668
2669
2670
2671
2674
2676
2679
2683
2684
2684
2685
2686
2687
2687
2692
2697
2698
2701
2702
2705
2709
2712
2715
2716
2716
2717
2719
2720
2720
2724
2726
2728
2729
2731
2739
2749
2758
2760
2760
2761
2761
2768
2769
2778
2778
2779
2786
2788
2788
2789
2790
2801
2804
2809
2820
2825
2828
2829
2842
2845
2849
2852
2853
2853
2857
2860
2872
2872
2872
2878
2879
2880
2887
2888
2891
2894
2908
2908
2909
2909
2914
2919
2921
2925
2927
2935
2942
2952
2954
2957
2957
2961
2962
2965
2967
2969
2971
2976
2981
2983
2985
2990
2991
2993
2994
3004
3009
3014
3024
3025
3026
3026
3028
3031
3034
3042
3042
3045
3047
3050
3055
3057
3060
3060
3078
3086
3093
3094
3100
3101
3113
3115
3120
3124
3128
3128
3129
3130
3139
3140
3140
3145
3145
3148
3157
3167
3169
3170
3172
3175
3176
3179
3182
3186
3187
3195
3202
3203
3204
3205
3208
3210
3211
3213
3213
3214
3215
3221
3222
3223
3225
3226
3233
3235
3236
3238
3243
3243
3250
3257
3260
3266
3272
3275
3282
3283
3285
3288
3289
3289
3299
3309
3319
3319
3320
3320
3322
3324
3325
3327
3328
3329
3334
3334
3344
3347
3348
3351
3354
3355
3356
3359
3367
3368
3369
3379
3385
3386
3389
3398
3402
3407
3407
3410
3410
3413
3414
3426
3432
3433
3436
3439
3446
3460
3463
3463
3475
3478
3478
3481
3482
3483
3484
3487
3489
3491
3496
3498
3499
3501
3503
3509
3509
3510
3513
3514
3516
3517
3526
3529
3533
3534
3539
3541
3543
3544
3544
3545
3549
3550
3567
3568
3569
3572
3574
3575
3578
3578
3584
3592
3600
3602
3605
3607
3613
3614
3618
3619
3621
3624
3625
3626
3627
3631
3632
3648
3650
3653
3655
3660
3664
3667
3667
3669
3677
3677
3679
3679
3679
3683
3684
3688
3693
3696
3697
3706
3708
3710
3718
3719
3723
3727
3727
3730
3732
3735
3739
3741
3741
3742
3742
3745
3748
3749
3750
3750
3753
3754
3755
3757
3761
3771
3773
3773
3773
3776
3777
3781
3782
3783
3799
3799
3809
3817
3823
3836
3837
3839
3839
3840
3847
3849
3850
3853
3858
3859
3866
3868
3869
3869
3871
3878
3878
3880
3884
3885
3888
3888
3889
3891
3891
3892
3898
3901
3919
3921
3928
3928
3941
3943
3944
3947
3948
3951
3952
3954
3955
3960
3963
3963
3963
3964
3966
3968
3968
3969
3970
3973
3976
3982
3990
3993
3998
3999
4011
4011
4016
4016
4020
4024
4026
4029
4032
4035
4045
4046
4049
4049
4051
4052
4054
4064
4064
4064
4071
4072
4073
4077
4078
4081
4082
4084
4085
4088
4097
4098
4102
4109
4114
4116
4116
4122
4124
4124
4126
4127
4127
4141
4143
4144
4151
4152
4154
4156
4157
4159
4166
4166
4186
4187
4187
4191
4192
4195
4195
4196
4196
4203
4204
4205
4208
4209
4210
4212
4227
4230
4230
4231
4232
4232
4233
4237
4244
4244
4249
4256
4261
4263
4266
4270
4273
4281
4283
4284
4286
4290
4304
4305
4307
4317
4322
4334
4341
4346
4353
4355
4362
4369
4375
4379
4380
4384
4387
4393
4397
4403
4405
4414
4414
4417
4423
4426
4428
4429
4444
4453
4453
4456
4461
4463
4464
4464
4479
4482
4489
4490
4501
4502
4503
4507
4508
4512
4513
4514
4516
4517
4523
4526
4527
4527
4540
4545
4546
4548
4551
4553
4559
4567
4574
4581
4582
4597
4597
4600
4600
4600
4605
4607
4611
4615
4616
4617
4621
4621
4623
4626
4629
4636
4643
4650
4650
4651
4652
4654
4655
4656
4662
4664
4666
4671
4674
4675
4688
4689
4694
4698
4699
4699
4702
4706
4715
4718
4723
4723
4723
4723
4727
4730
4731
4732
4733
4734
4737
4738
4741
4746
4747
4748
4750
4750
4757
4759
4761
4773
4790
4794
4802
4803
4809
4815
4815
4822
4823
4824
4826
4826
4833
4835
4837
4837
4851
4862
4862
4865
4865
4866
4869
4875
4877
4880
4886
4886
4887
4892
4892
4893
4895
4900
4903
4905
4907
4911
4916
4919
4921
4929
4933
4934
4937
4941
4945
4948
4950
4950
4953
4954
4954
4957
4960
4961
4963
4969
4973
4977
4981
4988
4989
4991
4994
4996
5000
5001
5009
5009
5012
5013
5015
5021
5027
5027
5030
5033
5049
5050
5063
5064
5067
5067
5071
5074
5076
5082
5083
5083
5093
5093
5097
5098
5100
5108
5111
5111
5125
5125
5127
5133
5150
5153
5154
5160
5165
5171
5178
5181
5183
5184
5185
5191
5195
5211
5212
5216
5219
5222
5223
5223
5226
5227
5229
5231
5234
5236
5238
5239
5240
5251
5251
5251
5257
5259
5266
5266
5270
5271
5279
5286
5293
5297
5311
5317
5319
5322
5325
5328
5336
5343
5346
5353
5357
5361
5364
5368
5368
5375
5377
5381
5381
5383
5383
5383
5384
5386
5396
5400
5400
5401
5401
5403
5404
5406
5410
5411
5414
5419
5422
5425
5435
5435
5438
5442
5452
5459
5461
5466
5466
5469
5471
5480
5485
5486
5489
5494
5501
5514
5514
5517
5519
5520
5526
5529
5532
5538
5550
5553
5554
5555
5565
5566
5570
5575
5582
5582
5593
5594
5605
5606
5607
5607
5608
5630
5634
5635
5638
5642
5646
5651
5652
5657
5658
5662
5663
5663
5665
5670
5670
5672
5677
5682
5684
5686
5692
5700
5702
5703
5703
5704
5709
5710
5717
5719
5719
5722
5728
5728
5729
5735
5737
5744
5745
5746
5747
5748
5748
5759
5760
5760
5761
5765
5768
5768
5774
5774
5775
5782
5784
5790
5797
5799
5803
5811
5813
5813
5817
5819
5820
5825
5826
5829
5829
5832
5832
5834
5838
5841
5842
5844
5853
5864
5866
5872
5872
5883
5888
5890
5895
5895
5895
5897
5898
5902
5904
5905
5909
5914
5917
5932
5938
5945
5947
5951
5953
5967
5968
5969
5976
5977
5978
5981
5989
5991
5991
6000
6002
6005
6005
6012
6014
6016
6018
6019
6024
6027
6027
6033
6047
6050
6053
6054
6065
6070
6075
6080
6081
6082
6084
6085
6086
6090
6091
6092
6093
6093
6096
6097
6113
6115
6131
6133
6134
6141
6142
6145
6148
6149
6152
6155
6156
6160
6164
6167
6170
6177
6183
6185
6189
6191
6193
6206
6207
6211
6213
6218
6224
6228
6236
6239
6239
6240
6243
6244
6244
6245
6247
6250
6250
6254
6260
6263
6263
6266
6266
6267
6272
6274
6275
6276
6279
6283
6284
6286
6287
6287
6295
6302
6304
6307
6310
6315
6322
6322
6323
6333
6345
6347
6348
6349
6350
6352
6362
6363
6364
6370
6373
6374
6375
6376
6377
6378
6380
6381
6395
6395
6396
6399
6401
6405
6408
6411
6417
6421
6422
6444
6448
6449
6455
6458
6459
6462
6463
6464
6471
6482
6482
6482
6483
6484
6486
6486
6491
6492
6496
6498
6499
6506
6518
6519
6522
6526
6529
6529
6532
6533
6539
6541
6544
6547
6548
6549
6550
6551
6559
6565
6570
6574
6577
6579
6587
6591
6597
6599
6604
6605
6607
6608
6611
6611
6612
6613
6617
6620
6623
6627
6627
6631
6634
6635
6639
6645
6649
6653
6654
6658
6666
6667
6669
6681
6681
6684
6684
6685
6686
6689
6694
6694
6694
6701
6703
6706
6715
6716
6716
6722
6728
6729
6730
6732
6739
6742
6744
6748
6751
6753
6753
6755
6763
6763
6765
6766
6767
6772
6774
6776
6779
6782
6787
6788
6789
6793
6796
6796
6797
6800
6802
6802
6804
6805
6812
6814
6815
6817
6817
6829
6830
6831
6832
6834
6846
6853
6856
6858
6861
6862
6864
6864
6867
6875
6880
6886
6894
6895
6910
6910
6915
6916
6922
6924
6932
6934
6934
6935
6936
6943
6945
6945
6946
6946
6947
6951
6953
6960
6961
6966
6973
6978
6982
6982
6987
6991
7001
7010
7019
7021
7024
7024
7024
7027
7028
7032
7034
7037
7043
7047
7048
7048
7050
7053
7056
7057
7064
7071
7073
7079
7085
7091
7091
7093
7095
7097
7098
7100
7102
7105
7107
7111
7114
7115
7115
7117
7123
7126
7138
7140
7141
7142
7145
7147
7148
7150
7158
7159
7163
7166
7167
7170
7175
7176
7186
7190
7191
7192
7194
7201
7202
7206
7225
7228
7234
7238
7240
7244
7245
7248
7248
7249
7249
7262
7268
7269
7275
7275
7276
7279
7280
7281
7286
7287
7293
7293
7295
7295
7306
7309
7313
7316
7318
7320
7321
7322
7335
7337
7340
7341
7345
7350
7352
7354
7355
7356
7357
7361
7364
7365
7366
7368
7372
7377
7379
7384
7388
7394
7400
7407
7407
7410
7410
7415
7415
7418
7422
7423
7427
7435
7442
7442
7444
7448
7456
7461
7468
7471
7476
7484
7487
7491
7492
7494
7496
7506
7509
7513
7513
7517
7520
7522
7524
7524
7524
7525
7527
7528
7529
7531
7533
7542
7545
7547
7548
7552
7553
7554
7556
7564
7578
7581
7589
7593
7596
7602
7603
7609
7611
7613
7614
7615
7616
7619
7648
7662
7672
7675
7675
7681
7682
7682
7683
7686
7693
7694
7694
7696
7702
7708
7714
7728
7729
7737
7739
7751
7752
7753
7756
7757
7760
7760
7764
7770
7771
7772
7779
7780
7784
7788
7792
7802
7803
7805
7810
7812
7814
7821
7823
7827
7831
7831
7833
7844
7846
7849
7851
7856
7867
7868
7869
7871
7873
7876
7880
7883
7885
7887
7897
7903
7905
7907
7908
7912
7921
7926
7932
7937
7944
7947
7947
7955
7956
7958
7960
7961
7963
7967
7969
7971
7980
7980
7987
7990
7990
7995
8003
8003
8003
8014
8015
8016
8016
8021
8022
8024
8025
8034
8036
8037
8039
8040
8040
8044
8048
8055
8060
8060
8062
8063
8068
8068
8069
8071
8079
8081
8083
8085
8091
8092
8111
8114
8115
8115
8116
8117
8118
8134
8141
8142
8142
8145
8151
8151
8156
8159
8159
8160
8160
8163
8167
8176
8179
8187
8188
8189
8195
8196
8204
8204
8204
8205
8211
8214
8221
8222
8223
8231
8234
8240
8247
8253
8259
8268
8274
8281
8283
8285
8285
8285
8289
8290
8295
8297
8298
8300
8301
8309
8309
8310
8314
8317
8318
8322
8325
8325
8325
8328
8330
8332
8334
8334
8335
8343
8345
8347
8357
8362
8364
8375
8376
8379
8391
8391
8391
8394
8398
8411
8414
8415
8423
8426
8427
8430
8432
8433
8442
8442
8448
8453
8455
8457
8462
8478
8478
8481
8482
8483
8487
8487
8488
8489
8491
8492
8496
8497
8499
8502
8502
8511
8513
8517
8520
8527
8529
8530
8531
8531
8533
8536
8543
8546
8550
8551
8552
8554
8554
8555
8556
8567
8568
8569
8571
8571
8581
8585
8591
8593
8594
8595
8596
8597
8599
8604
8604
8611
8611
8613
8613
8617
8618
8621
8621
8622
8627
8633
8640
8648
8650
8652
8655
8658
8667
8670
8681
8684
8688
8689
8691
8692
8696
8699
8700
8703
8703
8705
8706
8706
8707
8709
8709
8712
8714
8718
8724
8735
8737
8737
8738
8744
8745
8746
8748
8750
8753
8761
8763
8765
8766
8778
8782
8796
8800
8802
8808
8813
8825
8826
8827
8832
8837
8840
8842
8844
8845
8846
8849
8854
8870
8872
8875
8881
8885
8886
8887
8889
8895
8895
8900
8901
8901
8904
8905
8910
8910
8920
8927
8934
8938
8942
8950
8950
8957
8958
8961
8968
8975
8984
8987
8989
8989
8991
8996
9002
9006
9007
9010
9011
9016
9017
9018
9024
9032
9034
9039
9043
9045
9046
9051
9055
9057
9057
9062
9064
9068
9072
9078
9078
9081
9082
9083
9088
9090
9092
9092
9098
9101
9108
9109
9115
9117
9119
9120
9121
9125
9128
9130
9136
9142
9144
9151
9173
9173
9183
9190
9191
9196
9199
9203
9204
9205
9206
9208
9210
9213
9220
9227
9229
9229
9232
9232
9235
9235
9235
9244
9247
9252
9252
9258
9259
9259
9260
9262
9269
9272
9274
9275
9275
9276
9282
9285
9293
9294
9299
9313
9315
9316
9322
9330
9330
9335
9339
9346
9350
9360
9368
9371
9376
9377
9379
9380
9384
9387
9387
9389
9389
9391
9393
9398
9401
9405
9412
9412
9416
9417
9418
9418
9421
9424
9426
9434
9435
9435
9435
9437
9439
9439
9443
9443
9444
9446
9448
9450
9453
9459
9460
9461
9462
9464
9468
9470
9473
9478
9484
9495
9506
9507
9511
9517
9517
9518
9520
9523
9534
9543
9544
9546
9550
9556
9558
9561
9563
9564
9577
9577
9579
9579
9582
9583
9584
9585
9586
9591
9591
9600
9606
9613
9614
9615
9619
9628
9629
9629
9637
9638
9642
9643
9649
9650
9654
9664
9673
9674
9678
9684
9686
9687
9693
9694
9703
9707
9711
9714
9718
9721
9723
9725
9726
9726
9727
9730
9731
9735
9742
9744
9748
9750
9750
9754
9760
9764
9765
9769
9769
9770
9771
9775
9776
9776
9782
9786
9794
9795
9797
9797
9798
9804
9813
9813
9815
9818
9821
9824
9828
9829
9831
9834
9834
9842
9843
9845
9846
9847
9852
9855
9863
9863
9875
9876
9882
9885
9885
9886
9886
9890
9892
9894
9895
9898
9904
9906
9908
9909
9909
9912
9913
9916
9916
9921
9926
9926
9928
9928
9932
9932
9937
9937
9943
9946
9946
9949
9949
9952
9956
9962
9983
9984
9986
9986
9987
9989
9994
9994
10000
10006
10006
10007
10013
10016
10016
10022
10033
10034
10035
10039
10041
10044
10046
10052
10053
10055
10057
10058
10058
10060
10062
10064
10074
10075
10077
10078
10081
10085
10086
10087
10087
10090
10091
10092
10095
10101
10102
10103
10109
10110
10111
10112
10121
10121
10123
10128
10129
10129
10130
10135
10141
10142
10147
10149
10156
10160
10161
10161
10162
10175
10182
10185
10197
10206
10214
10217
10228
10235
10238
10239
10239
10245
10249
10252
10259
10268
10270
10273
10277
10278
10282
10283
10292
10302
10307
10311
10315
10330
10335
10345
10347
10349
10349
10354
10354
10354
10362
10365
10368
10371
10371
10388
10390
10391
10391
10401
10402
10406
10407
10409
10410
10419
10422
10422
10429
10431
10432
10434
10444
10446
10460
10461
10464
10465
10468
10472
10473
10480
10483
10484
10485
10489
10499
10500
10510
10511
10517
10517
10524
10534
10536
10540
10543
10544
10545
10546
10550
10552
10554
10555
10558
10568
10569
10571
10578
10585
10592
10594
10598
10599
10600
10604
10605
10609
10613
10614
10626
10630
10632
10633
10633
10638
10639
10646
10659
10661
10663
10664
10675
10684
10692
10692
10698
10699
10701
10702
10703
10706
10706
10710
10718
10719
10721
10721
10729
10734
10740
10744
10744
10749
10755
10758
10759
10759
10760
10762
10763
10766
10768
10769
10770
10772
10773
10775
10777
10778
10778
10779
10788
10795
10795
10797
10805
10810
10810
10812
10812
10828
10829
10830
10831
10836
10838
10842
10843
10845
10846
10851
10852
10855
10864
10866
10875
10883
10887
10892
10893
10895
10896
10899
10901
10905
10906
10912
10912
10914
10915
10916
10919
10920
10920
10921
10923
10925
10930
10931
10934
10935
10936
10941
10947
10949
10960
10970
10974
10974
10976
10978
10984
10988
10989
10992
10996
10998
10998
11001
11004
11004
11007
11007
11017
11017
11019
11020
11027
11030
11035
11036
11038
11040
11041
11045
11053
11054
11056
11062
11070
11074
11077
11079
11080
11086
11097
11100
11103
11111
11118
11126
11127
11133
11134
11138
11138
11141
11142
11142
11144
11146
11147
11148
11161
11164
11170
11175
11175
11176
11177
11182
11184
11184
11193
11196
11200
11211
11214
11215
11217
11218
11220
11222
11223
11232
11233
11233
11234
11234
11240
11241
11241
11251
11252
11256
11259
11260
11262
11264
11264
11265
11270
11270
11274
11278
11286
11287
11292
11299
11299
11302
11312
11313
11320
11321
11323
11326
11326
11329
11329
11342
11344
11346
11350
11353
11355
11366
11372
11374
11376
11381
11382
11385
11385
11386
11387
11389
11390
11396
11400
11406
11406
11407
11409
11411
11416
11421
11423
11425
11426
11427
11434
11437
11438
11438
11440
11442
11444
11448
11448
11450
11458
11458
11461
11461
11462
11463
11471
11472
11477
11487
11488
11489
11493
11501
11501
11505
11507
11512
11518
11518
11521
11523
11532
11532
11534
11536
11548
11548
11550
11552
11553
11558
11565
11565
11568
11570
11576
11579
11582
11590
11591
11596
11599
11604
11605
11607
11609
11612
11615
11616
11616
11617
11619
11619
11622
11627
11628
11631
11631
11634
11635
11640
11642
11643
11651
11651
11668
11672
11674
11677
11684
11685
11686
11687
11692
11693
11694
11694
11694
11695
11710
11710
11711
11712
11712
11713
11720
11720
11728
11734
11734
11740
11743
11743
11744
11745
11751
11755
11756
11756
11758
11761
11763
11766
11769
11770
11773
11776
11776
11778
11779
11790
11791
11797
11799
11800
11803
11804
11810
11815
11816
11823
11825
11826
11827
11829
11834
11839
11843
11845
11856
11856
11868
11868
11872
11880
11880
11884
11885
11886
11894
11894
11907
11921
11921
11926
11935
11936
11941
11943
11945
11953
11958
11959
11960
11960
11964
11969
11972
11975
11978
11979
11982
11982
11989
11997
12002
12006
12006
12010
12022
12033
12037
12038
12042
12052
12054
12057
12072
12072
12077
12077
12080
12087
12094
12095
12097
12097
12098
12102
12103
12106
12106
12107
12114
12115
12116
12128
12132
12135
12141
12141
12144
12148
12161
12170
12172
12173
12173
12177
12180
12182
12185
12185
12186
12193
12193
12214
12215
12219
12220
12220
12223
12225
12227
12229
12231
12232
12239
12242
12245
12246
12250
12251
12253
12255
12269
12273
12277
12278
12279
12283
12284
12285
12286
12287
12288
12289
12293
12295
12296
12297
12301
12301
12303
12305
12313
12317
12319
12319
12319
12321
12335
12341
12342
12342
12348
12351
12355
12357
12358
12375
12375
12378
12381
12384
12386
12387
12389
12390
12394
12394
12399
12405
12409
12419
12421
12423
12426
12427
12434
12434
12436
12437
12437
12447
12450
12450
12455
12459
12462
12467
12469
12471
12471
12472
12473
12476
12481
12481
12482
12483
12484
12485
12487
12487
12492
12492
12507
12508
12509
12511
12511
12512
12513
12522
12526
12527
12533
12537
12541
12544
12546
12554
12556
12561
12561
12565
12566
12567
12571
12581
12585
12586
12592
12594
12594
12594
12597
12600
12600
12605
12605
12608
12608
12617
12619
12623
12625
12629
12633
12634
12637
12643
12644
12651
12656
12658
12660
12664
12665
12667
12678
12687
12690
12699
12699
12704
12706
12710
12715
12717
12718
12720
12724
12728
12733
12734
12737
12744
12748
12751
12751
12751
12751
12754
12755
12760
12761
12765
12767
12767
12773
12782
12785
12788
12802
12803
12804
12807
12807
12807
12808
12814
12816
12818
12819
12819
12824
12828
12833
12833
12838
12840
12845
12847
12848
12853
12859
12861
12861
12863
12864
12870
12880
12884
12885
12894
12899
12899
12901
12902
12903
12911
12914
12915
12919
12925
12927
12931
12942
12947
12951
12957
12958
12959
12960
12961
12964
12968
12968
12968
12972
12974
12981
12982
12988
12988
12990
12990
12992
12994
12995
12995
12996
13004
13007
13009
13016
13020
13023
13023
13025
13030
13033
13034
13035
13035
13035
13040
13044
13045
13051
13052
13054
13054
13056
13059
13060
13061
13066
13066
13068
13074
13080
13086
13092
13098
13105
13105
13106
13106
13110
13111
13117
13118
13122
13122
13129
13131
13134
13139
13140
13140
13143
13145
13147
13148
13150
13152
13152
13156
13159
13161
13162
13163
13165
13166
13168
13169
13169
13171
13173
13173
13181
13182
13182
13182
13185
13194
13195
13199
13202
13202
13204
13207
13213
13218
13223
13228
13232
13232
13237
13238
13238
13245
13246
13248
13251
13255
13261
13264
13265
13265
13268
13269
13275
13275
13286
13288
13291
13293
13296
13297
13297
13297
13298
13302
13307
13307
13308
13308
13310
13312
13313
13314
13318
13322
13325
13325
13326
13338
13340
13348
13356
13356
13358
13358
13372
13373
13375
13377
13386
13392
13400
13400
13403
13408
13414
13421
13426
13426
13429
13429
13448
13451
13452
13462
13464
13471
13475
13478
13479
13482
13483
13483
13494
13495
13495
13496
13496
13497
13501
13502
13512
13512
13512
13514
13521
13522
13524
13526
13528
13532
13532
13536
13537
13538
13538
13541
13544
13550
13553
13553
13557
13557
13558
13565
13566
13567
13569
13569
13571
13571
13576
13576
13580
13583
13595
13596
13599
13604
13609
13612
13617
13623
13630
13642
13648
13649
13650
13651
13654
13657
13659
13670
13682
13688
13692
13698
13701
13704
13705
13711
13712
13713
13717
13723
13725
13728
13733
13737
13739
13741
13743
13748
13748
13750
13758
13760
13760
13764
13771
13772
13772
13773
13791
13794
13795
13796
13801
13802
13803
13806
13809
13811
13814
13815
13816
13819
13828
13832
13832
13834
13838
13841
13842
13850
13854
13858
13861
13861
13862
13869
13877
13878
13885
13887
13898
13902
13904
13905
13907
13911
13919
13923
13926
13931
13935
13935
13946
13952
13957
13960
13965
13973
13973
13978
13982
13982
13984
13986
13990
13998
14006
14024
14031
14032
14032
14037
14038
14038
14038
14040
14040
14044
14045
14051
14054
14058
14061
14067
14077
14082
14083
14086
14087
14093
14094
14095
14095
14103
14103
14103
14104
14105
14108
14110
14111
14115
14119
14120
14123
14124
14126
14128
14129
14133
14133
14136
14138
14143
14145
14145
14146
14153
14154
14155
14159
14162
14162
14163
14166
14166
14171
14176
14180
14183
14183
14183
14186
14200
14203
14205
14206
14212
14212
14216
14220
14228
14235
14236
14256
14257
14257
14257
14260
14261
14263
14267
14276
14276
14282
14284
14288
14292
14299
14299
14300
14302
14304
14308
14312
14315
14317
14327
14328
14330
14331
14337
14341
14344
14345
14348
14351
14359
14369
14370
14374
14374
14377
14379
14379
14379
14380
14383
14384
14385
14385
14385
14387
14390
14397
14401
14402
14402
14407
14410
14417
14418
14423
14433
14437
14442
14449
14449
14451
14457
14461
14462
14464
14471
14477
14478
14480
14480
14483
14485
14487
14487
14496
14498
14499
14503
14503
14509
14509
14513
14515
14516
14518
14525
14534
14535
14536
14545
14550
14550
14558
14561
14565
14569
14570
14570
14571
14581
14582
14583
14583
14583
14584
14587
14589
14592
14596
14615
14618
14620
14624
14627
14628
14631
14631
14633
14635
14639
14643
14643
14649
14650
14651
14651
14655
14659
14668
14669
14669
14670
14671
14675
14682
14688
14693
14697
14699
14699
14703
14708
14714
14716
14718
14718
14719
14725
14725
14727
14729
14729
14733
14734
14739
14739
14748
14750
14757
14763
14775
14775
14776
14779
14780
14795
14795
14798
14804
14806
14807
14817
14819
14819
14822
14823
14823
14826
14838
14839
14839
14845
14848
14852
14856
14857
14865
14870
14872
14873
14879
14880
14886
14886
14889
14891
14892
14893
14894
14902
14902
14903
14908
14917
14919
14934
14935
14939
14940
14940
14947
14948
14951
14951
14952
14954
14955
14956
14961
14961
14962
14964
14964
14965
14971
14973
14981
14981
14986
14987
14989
14990
14993
14995
15000
15002
15002
15005
15015
15015
15016
15017
15018
15021
15022
15023
15026
15027
15031
15035
15036
15038
15038
15039
15040
15042
15044
15044
15053
15060
15061
15066
15070
15072
15073
15074
15076
15082
15084
15092
15102
15104
15111
15113
15114
15115
15116
15119
15121
15124
15124
15129
15129
15130
15137
15137
15138
15140
15140
15145
15156
15158
15159
15159
15159
15160
15173
15179
15180
15183
15183
15184
15199
15201
15207
15208
15212
15212
15214
15218
15220
15220
15223
15225
15225
15228
15228
15229
15231
15233
15239
15240
15245
15246
15249
15252
15253
15260
15261
15267
15270
15278
15285
15288
15296
15301
15302
15312
15313
15315
15316
15317
15337
15339
15340
15342
15343
15346
15348
15352
15354
15355
15359
15362
15366
15369
15371
15377
15382
15385
15387
15388
15391
15394
15394
15397
15400
15401
15403
15410
15416
15418
15421
15431
15438
15441
15454
15454
15457
15464
15470
15473
15491
15495
15498
15499
15500
15501
15509
15512
15514
15519
15522
15524
15526
15536
15537
15538
15539
15542
15546
15546
15549
15551
15551
15556
15559
15560
15562
15566
15569
15578
15581
15581
15583
15583
15584
15587
15591
15592
15595
15598
15600
15602
15607
15608
15611
15622
15628
15630
15632
15635
15635
15636
15639
15640
15642
15642
15645
15647
15651
15656
15657
15658
15659
15666
15668
15674
15676
15676
15677
15681
15682
15693
15695
15697
15698
15700
15707
15716
15720
15722
15722
15724
15730
15733
15734
15734
15734
15735
15740
15740
15740
15741
15741
15742
15743
15749
15753
15755
15764
15764
15765
15769
15772
15775
15778
15779
15785
15792
15804
15821
15823
15825
15837
15840
15843
15848
15852
15853
15854
15857
15862
15865
15869
15875
15876
15876
15882
15884
15885
15891
15892
15892
15892
15894
15896
15900
15903
15910
15911
15912
15913
15913
15914
15915
15920
15921
15928
15931
15935
15936
15936
15937
15945
15949
15949
15954
15956
15959
15961
15961
15965
15966
15969
15971
15973
15981
15985
15988
15991
15994
16008
16008
16010
16011
16013
16014
16019
16019
16023
16023
16027
16028
16028
16032
16033
16033
16042
16044
16048
16054
16055
16057
16060
16062
16065
16065
16067
16067
16068
16068
16073
16075
16077
16078
16093
16096
16097
16098
16100
16101
16101
16102
16103
16104
16105
16110
16120
16123
16128
16133
16140
16143
16146
16147
16147
16149
16151
16162
16166
16169
16174
16181
16184
16186
16187
16190
16192
16193
16197
16197
16198
16199
16202
16207
16209
16211
16214
16217
16224
16228
16229
16232
16233
16233
16240
16240
16246
16249
16251
16251
16253
16256
16256
16259
16263
16265
16270
16276
16278
16286
16286
16293
16293
16297
16299
16301
16301
16303
16308
16310
16312
16312
16316
16320
16323
16329
16331
16332
16338
16343
16343
16344
16345
16351
16354
16355
16355
16358
16365
16365
16369
16371
16375
16376
16393
16400
16402
16406
16413
16418
16421
16423
16427
16442
16443
16447
16460
16466
16468
16476
16476
16476
16480
16491
16495
16499
16501
16502
16507
16511
16511
16511
16512
16516
16516
16517
16521
16521
16522
16523
16524
16525
16528
16529
16529
16529
16534
16539
16543
16546
16551
16554
16556
16565
16569
16569
16570
16570
16571
16572
16574
16574
16584
16589
16589
16590
16591
16604
16607
16614
16614
16621
16622
16624
16627
16627
16631
16631
16633
16637
16637
16638
16644
16644
16646
16653
16657
16659
16661
16662
16679
16680
16685
16686
16689
16689
16696
16699
16702
16704
16704
16709
16713
16715
16719
16723
16724
16726
16727
16729
16729
16730
16730
16733
16737
16737
16740
16742
16745
16775
16794
16795
16805
16806
16809
16810
16810
16812
16817
16820
16823
16824
16824
16825
16828
16829
16837
16844
16851
16854
16855
16855
16857
16857
16860
16866
16868
16873
16877
16879
16880
16893
16894
16903
16904
16908
16909
16910
16917
16917
16921
16925
16927
16931
16932
16939
16940
16940
16940
16942
16943
16953
16957
16960
16961
16963
16963
16966
16968
16975
16976
16977
16977
16980
16986
16988
16994
16994
16997
16997
17000
17003
17006
17010
17011
17012
17025
17026
17028
17034
17035
17037
17039
17049
17049
17051
17061
17066
17074
17075
17078
17079
17081
17091
17095
17097
17098
17098
17103
17109
17110
17111
17112
17112
17117
17118
17123
17126
17126
17128
17128
17132
17133
17133
17135
17137
17142
17143
17143
17144
17153
17154
17155
17159
17162
17169
17169
17170
17174
17179
17186
17188
17194
17199
17200
17203
17206
17209
17210
17211
17218
17224
17235
17235
17239
17246
17247
17249
17252
17254
17255
17256
17261
17271
17277
17277
17278
17279
17283
17284
17285
17287
17290
17290
17291
17291
17294
17297
17304
17314
17315
17318
17319
17320
17322
17326
17331
17334
17337
17343
17348
17353
17353
17357
17361
17374
17375
17375
17379
17380
17382
17383
17386
17387
17392
17399
17401
17401
17402
17402
17403
17404
17409
17412
17414
17417
17420
17422
17423
17434
17435
17440
17442
17447
17448
17449
17453
17460
17462
17464
17471
17476
17480
17481
17481
17485
17485
17486
17492
17492
17494
17499
17500
17507
17507
17508
17508
17524
17537
17542
17547
17550
17550
17552
17557
17558
17561
17567
17567
17571
17574
17580
17581
17581
17588
17592
17596
17597
17598
17601
17610
17620
17623
17623
17624
17637
17637
17654
17654
17660
17667
17668
17669
17671
17675
17680
17681
17692
17695
17696
17696
17697
17703
17704
17705
17708
17709
17712
17716
17721
17728
17732
17736
17743
17743
17753
17753
17754
17754
17756
17757
17764
17767
17774
17776
17783
17783
17797
17800
17807
17812
17815
17822
17822
17822
17825
17826
17826
17827
17827
17830
17830
17831
17833
17835
17838
17840
17841
17844
17847
17849
17850
17851
17853
17856
17861
17862
17868
17868
17880
17880
17889
17898
17902
17903
17903
17909
17913
17918
17926
17933
17936
17936
17936
17937
17941
17948
17956
17956
17965
17965
17966
17966
17966
17967
17973
17977
17982
17983
17987
17988
17988
17995
18003
18011
18014
18022
18024
18025
18027
18031
18034
18034
18035
18036
18039
18045
18049
18051
18056
18061
18061
18065
18066
18071
18073
18076
18084
18086
18086
18093
18096
18104
18106
18109
18109
18118
18118
18122
18133
18135
18140
18142
18147
18147
18156
18161
18164
18167
18171
18171
18172
18181
18181
18183
18184
18186
18191
18193
18196
18201
18201
18202
18205
18209
18210
18214
18214
18221
18223
18223
18224
18227
18230
18231
18232
18232
18242
18243
18245
18245
18246
18254
18258
18263
18266
18277
18278
18280
18294
18295
18304
18305
18320
18323
18333
18333
18342
18347
18347
18348
18351
18354
18358
18364
18387
18391
18396
18401
18404
18408
18410
18410
18412
18422
18427
18430
18433
18433
18436
18438
18441
18444
18446
18447
18448
18448
18452
18455
18458
18460
18463
18465
18467
18467
18472
18474
18476
18483
18484
18487
18489
18490
18493
18498
18505
18505
18506
18509
18510
18515
18518
18521
18524
18526
18527
18529
18533
18539
18546
18553
18555
18556
18559
18564
18567
18569
18572
18574
18575
18577
18581
18583
18587
18587
18592
18595
18605
18613
18615
18617
18625
18626
18628
18630
18631
18635
18635
18639
18641
18643
18645
18648
18656
18663
18663
18670
18672
18672
18673
18674
18683
18689
18693
18693
18707
18707
18710
18711
18711
18713
18717
18718
18723
18733
18736
18738
18755
18755
18755
18756
18760
18762
18765
18768
18768
18772
18773
18776
18777
18781
18783
18784
18785
18787
18792
18797
18800
18807
18808
18812
18815
18819
18820
18833
18836
18843
18847
18847
18850
18853
18853
18853
18855
18855
18856
18859
18860
18868
18869
18870
18873
18876
18887
18887
18892
18897
18897
18903
18908
18915
18916
18917
18919
18925
18926
18927
18932
18946
18954
18964
18968
18970
18972
18976
18978
18978
18982
18983
18987
18992
18995
19006
19018
19020
19024
19026
19026
19031
19036
19037
19037
19038
19039
19042
19048
19056
19059
19062
19062
19067
19072
19075
19082
19082
19096
19104
19110
19119
19123
19124
19128
19129
19129
19132
19133
19134
19134
19138
19140
19144
19147
19152
19158
19162
19165
19165
19168
19172
19173
19178
19180
19184
19184
19186
19198
19201
19202
19204
19205
19208
19208
19214
19216
19218
19218
19222
19225
19228
19230
19231
19233
19234
19248
19249
19258
19269
19272
19272
19273
19274
19285
19288
19289
19292
19300
19303
19307
19307
19308
19314
19316
19316
19324
19330
19335
19336
19345
19345
19352
19353
19354
19358
19358
19361
19363
19365
19371
19373
19374
19380
19384
19384
19386
19388
19390
19391
19397
19397
19416
19424
19430
19433
19434
19439
19443
19447
19451
19453
19453
19461
19464
19465
19467
19468
19472
19472
19473
19473
19474
19475
19476
19476
19476
19478
19480
19482
19485
19490
19492
19497
19499
19500
19502
19503
19507
19510
19513
19521
19522
19536
19537
19540
19540
19542
19542
19545
19547
19552
19554
19557
19558
19566
19566
19570
19571
19573
19574
19575
19576
19579
19595
19599
19600
19610
19611
19611
19613
19616
19617
19617
19619
19634
19636
19637
19644
19644
19645
19655
19656
19657
19657
19659
19669
19670
19675
19676
19677
19680
19680
19682
19683
19687
19688
19689
19691
19695
19699
19702
19702
19707
19712
19713
19713
19715
19720
19732
19737
19740
19741
19746
19750
19752
19753
19755
19756
19758
19762
19763
19765
19785
19785
19785
19786
19790
19791
19803
19804
19806
19806
19810
19812
19814
19817
19820
19824
19835
19840
19841
19846
19850
19850
19851
19853
19855
19857
19858
19858
19864
19864
19867
19871
19873
19874
19875
19879
19882
19884
19884
19901
19910
19916
19919
19921
19923
19926
19927
19929
19934
19939
19939
19939
19941
19942
19943
19952
19954
19956
19956
19961
19967
19967
19968
19968
19978
19980
19983
19991
20000
20001
20002
20003
20004
20005
20005
20007
20007
20009
20015
20022
20029
20031
20032
20034
20035
20036
20038
20050
20052
20063
20064
20075
20078
20082
20087
20088
20091
20093
20095
20103
20105
20107
20118
20119
20120
20122
20122
20126
20129
20136
20137
20140
20142
20149
20152
20153
20155
20158
20171
20177
20180
20185
20188
20193
20195
20201
20219
20221
20222
20222
20223
20224
20225
20235
20237
20237
20238
20239
20245
20255
20255
20258
20262
20267
20274
20277
20280
20281
20281
20283
20288
20289
20292
20298
20300
20300
20307
20307
20311
20313
20322
20331
20331
20332
20337
20337
20340
20342
20342
20344
20350
20355
20357
20363
20363
20364
20364
20368
20368
20377
20378
20382
20382
20382
20383
20385
20388
20400
20401
20409
20410
20410
20419
20419
20422
20424
20425
20426
20426
20428
20430
20430
20431
20437
20438
20438
20441
20442
20446
20447
20452
20455
20457
20462
20462
20473
20483
20485
20486
20487
20490
20493
20495
20495
20497
20498
20499
20515
20515
20520
20525
20528
20528
20532
20532
20534
20535
20537
20542
20549
20558
20560
20568
20570
20573
20577
20578
20581
20586
20591
20596
20597
20598
20611
20611
20612
20612
20615
20619
20622
20624
20625
20626
20628
20632
20633
20637
20637
20638
20640
20641
20643
20647
20647
20648
20654
20655
20655
20657
20663
20663
20664
20666
20668
20668
20671
20672
20672
20677
20678
20680
20680
20681
20691
20691
20692
20693
20705
20706
20711
20713
20714
20729
20729
20729
20734
20738
20739
20740
20743
20759
20767
20772
20773
20780
20784
20790
20797
20802
20805
20806
20812
20815
20818
20823
20835
20837
20839
20843
20847
20848
20853
20854
20857
20858
20859
20860
20861
20862
20863
20869
20871
20871
20883
20887
20902
20902
20903
20905
20912
20916
20919
20920
20921
20921
20937
20938
20938
20940
20943
20943
20944
20944
20946
20955
20956
20958
20959
20966
20967
20972
20973
20978
20981
20981
20989
20992
20996
20999
21000
21002
21003
21004
21006
21010
21011
21014
21016
21025
21032
21033
21033
21033
21036
21036
21038
21038
21039
21040
21051
21056
21058
21061
21065
21066
21070
21078
21080
21086
21088
21096
21097
21106
21106
21108
21110
21114
21114
21116
21120
21122
21126
21127
21130
21133
21133
21134
21141
21148
21153
21157
21159
21166
21166
21169
21174
21177
21177
21179
21179
21181
21182
21184
21189
21190
21202
21202
21203
21210
21210
21212
21222
21223
21224
21229
21234
21248
21249
21250
21253
21253
21255
21256
21257
21260
21262
21263
21264
21265
21265
21265
21266
21268
21274
21274
21274
21277
21278
21279
21279
21281
21286
21287
21288
21290
21293
21294
21302
21303
21304
21315
21323
21323
21326
21334
21339
21340
21347
21350
21353
21355
21356
21356
21360
21360
21361
21361
21363
21368
21377
21377
21381
21384
21387
21387
21388
21391
21397
21405
21407
21413
21413
21427
21428
21428
21440
21448
21451
21460
21460
21461
21465
21466
21470
21471
21472
21473
21479
21482
21482
21485
21487
21495
21496
21496
21497
21499
21501
21501
21512
21512
21513
21517
21517
21518
21532
21534
21535
21539
21542
21546
21549
21558
21567
21572
21573
21574
21577
21578
21580
21581
21582
21583
21588
21592
21595
21595
21599
21601
21605
21611
21611
21611
21613
21620
21620
21620
21622
21622
21623
21628
21629
21629
21634
21654
21656
21656
21661
21665
21673
21674
21676
21679
21682
21683
21690
21694
21698
21703
21709
21711
21716
21721
21722
21724
21728
21734
21735
21735
21739
21740
21740
21744
21744
21745
21747
21749
21749
21753
21754
21754
21757
21759
21759
21761
21766
21767
21769
21770
21770
21771
21772
21784
21785
21786
21788
21795
21801
21803
21804
21806
21808
21809
21810
21811
21811
21814
21814
21815
21820
21829
21831
21835
21836
21838
21844
21845
21848
21850
21856
21860
21861
21864
21869
21875
21876
21877
21881
21882
21882
21882
21883
21888
21892
21892
21897
21898
21899
21903
21904
21906
21909
21913
21916
21924
21925
21927
21936
21937
21939
21940
21943
21946
21948
21949
21954
21955
21962
21969
21970
21971
21973
21973
21975
21979
21981
21982
21987
21988
21990
21990
21996
22001
22008
22014
22014
22016
22016
22017
22018
22019
22024
22027
22035
22036
22038
22047
22056
22063
22063
22066
22076
22077
22078
22087
22088
22091
22103
22106
22107
22108
22109
22112
22112
22112
22114
22117
22118
22121
22125
22125
22127
22132
22136
22140
22144
22145
22146
22159
22164
22164
22165
22167
22167
22170
22171
22182
22182
22183
22190
22196
22198
22206
22208
22209
22210
22211
22213
22221
22221
22224
22227
22232
22236
22239
22244
22247
22249
22250
22257
22258
22260
22261
22284
22285
22286
22294
22297
22297
22299
22304
22311
22312
22316
22317
22321
22322
22322
22322
22334
22335
22342
22354
22354
22359
22361
22362
22364
22373
22374
22376
22379
22381
22382
22386
22391
22394
22397
22399
22401
22404
22415
22415
22419
22425
22427
22430
22431
22432
22435
22442
22447
22454
22454
22455
22456
22460
22464
22467
22468
22471
22471
22476
22476
22479
22482
22483
22486
22488
22492
22495
22504
22504
22504
22506
22507
22517
22526
22534
22538
22546
22546
22547
22549
22550
22550
22551
22553
22556
22557
22561
22568
22569
22574
22579
22579
22583
22591
22601
22614
22616
22618
22620
22620
22622
22627
22630
22631
22631
22635
22636
22636
22637
22639
22641
22646
22647
22649
22653
22660
22667
22668
22670
22671
22676
22680
22680
22682
22687
22691
22695
22696
22696
22701
22701
22709
22710
22717
22720
22728
22732
22733
22734
22735
22739
22741
22742
22743
22745
22746
22751
22754
22756
22757
22764
22767
22768
22769
22773
22775
22778
22779
22779
22783
22787
22793
22799
22799
22806
22817
22818
22820
22823
22825
22836
22836
22837
22838
22839
22841
22842
22842
22850
22850
22852
22854
22855
22855
22856
22863
22867
22873
22874
22876
22881
22881
22890
22892
22902
22903
22904
22904
22904
22905
22908
22909
22910
22910
22914
22919
22919
22923
22923
22924
22924
22928
22929
22929
22939
22941
22944
22953
22955
22956
22958
22962
22962
22964
22964
22971
22974
22977
22988
22989
22990
22994
23000
23005
23009
23013
23027
23028
23033
23035
23041
23046
23049
23051
23053
23053
23058
23059
23064
23065
23070
23072
23078
23083
23088
23090
23093
23094
23099
23112
23131
23134
23138
23138
23145
23149
23150
23151
23153
23158
23163
23165
23177
23177
23181
23185
23186
23192
23199
23200
23202
23203
23206
23213
23216
23218
23218
23219
23221
23221
23222
23224
23229
23229
23243
23256
23257
23259
23267
23267
23268
23270
23271
23273
23280
23280
23283
23283
23292
23294
23294
23299
23301
23306
23307
23308
23308
23308
23309
23310
23320
23329
23336
23341
23342
23344
23345
23345
23346
23347
23349
23350
23350
23355
23356
23357
23358
23362
23363
23366
23370
23371
23373
23377
23377
23377
23380
23384
23396
23404
23406
23410
23419
23425
23426
23430
23437
23437
23437
23442
23444
23446
23456
23458
23460
23460
23462
23462
23468
23472
23476
23477
23480
23483
23485
23496
23497
23498
23500
23505
23507
23508
23508
23509
23511
23519
23520
23523
23529
23530
23530
23537
23538
23541
23551
23554
23556
23558
23559
23559
23566
23571
23573
23579
23596
23598
23607
23607
23608
23608
23611
23618
23619
23622
23622
23623
23624
23625
23627
23629
23630
23631
23635
23638
23639
23639
23641
23642
23644
23647
23647
23653
23653
23657
23663
23665
23673
23686
23696
23698
23699
23700
23703
23705
23707
23707
23713
23718
23724
23726
23728
23740
23744
23758
23758
23761
23765
23768
23771
23779
23783
23791
23797
23801
23803
23805
23807
23810
23822
23822
23823
23824
23825
23827
23829
23831
23835
23839
23845
23852
23859
23865
23874
23875
23876
23878
23878
23881
23883
23888
23891
23897
23897
23898
23907
23908
23913
23917
23920
23936
23936
23950
23951
23954
23958
23960
23961
23968
23968
23974
23977
23979
23980
23982
23984
23985
23986
23994
23995
24000
24003
24011
24011
24014
24015
24017
24026
24028
24036
24037
24042
24048
24052
24060
24061
24061
24062
24062
24065
24069
24070
24080
24080
24080
24084
24087
24088
24089
24089
24092
24094
24100
24101
24107
24113
24113
24118
24122
24122
24128
24132
24135
24138
24142
24151
24151
24153
24156
24162
24164
24164
24166
24169
24169
24172
24176
24181
24188
24188
24190
24195
24197
24199
24203
24203
24208
24218
24218
24220
24225
24227
24229
24231
24239
24240
24242
24245
24251
24255
24257
24261
24262
24265
24268
24269
24278
24284
24285
24289
24293
24293
24306
24307
24315
24318
24320
24323
24326
24327
24329
24338
24339
24342
24347
24348
24350
24365
24370
24372
24381
24387
24388
24393
24396
24408
24409
24412
24412
24414
24414
24418
24426
24426
24428
24428
24430
24436
24439
24441
24446
24446
24450
24451
24456
24458
24458
24458
24462
24464
24464
24464
24468
24476
24476
24476
24477
24479
24481
24481
24483
24483
24489
24496
24498
24501
24509
24509
24511
24512
24513
24520
24522
24524
24527
24531
24531
24539
24544
24544
24549
24550
24551
24555
24558
24559
24560
24571
24573
24576
24577
24582
24596
24599
24601
24605
24611
24614
24615
24620
24624
24624
24624
24625
24629
24630
24631
24643
24644
24645
24648
24649
24652
24655
24657
24662
24663
24666
24666
24672
24674
24677
24678
24683
24685
24688
24693
24695
24697
24697
24703
24706
24706
24707
24713
24715
24720
24721
24725
24734
24744
24744
24745
24745
24749
24751
24755
24758
24762
24764
24769
24772
24773
24775
24776
24778
24779
24784
24784
24785
24786
24789
24792
24795
24797
24798
24805
24816
24824
24825
24826
24832
24834
24836
24845
24848
24850
24857
24858
24859
24863
24867
24868
24876
24877
24889
24892
24895
24904
24906
24906
24911
24911
24912
24913
24919
24919
24931
24933
24933
24935
24937
24941
24942
24947
24949
24954
24954
24954
24957
24960
24962
24966
24974
24974
24977
24985
24997
24999
25002
25003
25004
25005
25009
25012
25022
25026
25026
25027
25029
25037
25037
25040
25042
25046
25046
25046
25049
25052
25054
25055
25057
25057
25063
25067
25069
25069
25069
25073
25077
25079
25080
25082
25082
25083
25090
25096
25098
25100
25108
25119
25120
25127
25132
25134
25135
25136
25137
25138
25139
25139
25149
25155
25156
25157
25162
25163
25167
25168
25171
25173
25175
25181
25187
25195
25200
25202
25206
25207
25208
25209
25210
25213
25213
25214
25215
25218
25221
25227
25228
25236
25238
25238
25241
25242
25242
25244
25246
25246
25252
25255
25264
25265
25265
25267
25268
25269
25269
25271
25274
25275
25276
25279
25284
25286
25287
25293
25294
25295
25300
25303
25304
25305
25306
25307
25311
25320
25321
25322
25327
25328
25335
25345
25345
25345
25346
25357
25358
25365
25367
25370
25376
25381
25384
25394
25395
25395
25397
25401
25406
25413
25413
25414
25420
25421
25422
25429
25430
25433
25436
25437
25437
25442
25445
25445
25449
25449
25455
25461
25462
25469
25472
25485
25485
25485
25493
25496
25496
25497
25498
25499
25499
25507
25507
25516
25519
25522
25525
25533
25536
25537
25538
25542
25546
25557
25567
25569
25572
25573
25574
25578
25578
25579
25589
25596
25596
25598
25602
25606
25607
25607
25611
25619
25632
25633
25634
25634
25636
25638
25643
25644
25647
25650
25650
25653
25668
25669
25674
25675
25675
25676
25677
25679
25680
25681
25683
25687
25689
25692
25694
25695
25697
25698
25701
25701
25704
25707
25708
25709
25714
25723
25731
25731
25733
25747
25751
25752
25758
25765
25766
25767
25770
25776
25783
25792
25795
25795
25800
25806
25807
25810
25811
25813
25818
25819
25819
25820
25824
25828
25830
25840
25841
25849
25854
25855
25856
25861
25863
25863
25863
25864
25864
25866
25866
25867
25867
25868
25874
25876
25879
25886
25888
25890
25890
25893
25895
25897
25900
25908
25913
25915
25918
25922
25925
25929
25930
25938
25950
25950
25966
25966
25967
25970
25971
25971
25972
25972
25976
25988
25994
26002
26006
26015
26016
26016
26017
26024
26025
26026
26027
26027
26032
26032
26034
26037
26037
26038
26042
26043
26050
26053
26054
26055
26059
26059
26060
26063
26064
26067
26070
26077
26077
26086
26088
26091
26092
26095
26096
26102
26105
26106
26115
26121
26121
26121
26122
26129
26135
26139
26140
26141
26141
26146
26149
26155
26157
26159
26161
26165
26166
26166
26171
26171
26173
26173
26178
26193
26194
26196
26204
26209
26210
26213
26217
26217
26222
26234
26239
26241
26243
26243
26245
26254
26255
26257
26258
26266
26267
26268
26270
26273
26277
26288
26299
26300
26300
26301
26301
26302
26303
26304
26305
26307
26310
26310
26310
26331
26335
26337
26339
26341
26341
26344
26347
26348
26351
26352
26353
26358
26363
26366
26367
26368
26370
26372
26372
26373
26388
26388
26389
26389
26393
26393
26397
26406
26407
26408
26409
26411
26412
26417
26419
26421
26424
26428
26429
26431
26432
26432
26434
26435
26436
26438
26441
26443
26446
26449
26449
26454
26460
26460
26460
26461
26462
26462
26465
26468
26468
26470
26470
26470
26471
26472
26473
26474
26477
26484
26490
26491
26491
26492
26494
26502
26503
26504
26506
26508
26512
26520
26523
26526
26528
26528
26534
26535
26536
26547
26550
26552
26555
26557
26560
26561
26564
26565
26568
26572
26574
26585
26595
26597
26601
26602
26603
26611
26612
26614
26615
26619
26622
26623
26625
26627
26633
26638
26643
26648
26649
26651
26653
26653
26656
26667
26667
26668
26668
26675
26676
26677
26681
26684
26688
26689
26690
26691
26694
26698
26702
26705
26707
26711
26718
26730
26732
26743
26745
26750
26755
26757
26759
26763
26767
26768
26769
26779
26780
26782
26783
26784
26786
26791
26793
26804
26808
26814
26815
26816
26819
26825
26826
26828
26828
26829
26830
26836
26838
26841
26841
26843
26845
26849
26854
26867
26869
26873
26883
26884
26889
26890
26891
26899
26901
26903
26909
26913
26917
26918
26920
26920
26920
26922
26931
26932
26934
26935
26940
26943
26943
26949
26953
26955
26958
26958
26959
26961
26963
26969
26972
26974
26983
26988
26988
26989
26991
26992
26998
27000
27003
27003
27005
27017
27017
27018
27021
27024
27025
27027
27028
27032
27037
27038
27038
27039
27047
27049
27049
27049
27054
27054
27054
27056
27060
27060
27065
27069
27070
27073
27076
27079
27082
27086
27090
27092
27096
27099
27103
27105
27106
27111
27112
27117
27117
27118
27121
27126
27126
27134
27141
27146
27165
27166
27169
27176
27177
27180
27181
27192
27197
27197
27207
27207
27209
27210
27211
27211
27215
27221
27223
27225
27230
27232
27240
27244
27245
27247
27250
27250
27253
27254
27260
27263
27272
27272
27274
27275
27275
27276
27282
27285
27297
27298
27306
27312
27315
27315
27320
27321
27323
27324
27324
27328
27330
27331
27334
27335
27339
27340
27340
27341
27342
27342
27343
27345
27346
27348
27352
27354
27359
27359
27361
27366
27370
27370
27377
27377
27378
27384
27384
27386
27389
27390
27393
27395
27399
27404
27406
27419
27421
27424
27428
27431
27445
27445
27449
27450
27457
27470
27472
27473
27477
27480
27482
27483
27487
27487
27487
27501
27504
27506
27510
27510
27514
27517
27524
27527
27528
27534
27540
27543
27543
27545
27556
27558
27559
27564
27565
27566
27572
27574
27577
27578
27582
27589
27590
27592
27593
27596
27598
27606
27607
27612
27613
27616
27618
27633
27635
27636
27646
27648
27649
27649
27660
27666
27667
27670
27671
27672
27678
27681
27696
27700
27703
27704
27707
27707
27709
27711
27713
27713
27715
27723
27737
27738
27759
27764
27765
27768
27769
27776
27781
27784
27784
27785
27792
27795
27798
27798
27801
27803
27805
27809
27817
27824
27825
27835
27838
27839
27841
27843
27847
27853
27854
27855
27860
27870
27874
27876
27877
27880
27880
27880
27883
27885
27885
27889
27892
27892
27900
27902
27904
27905
27906
27910
27920
27921
27922
27925
27931
27939
27940
27940
27946
27954
27956
27957
27959
27961
27964
27964
27968
27969
27971
27973
27977
27979
27980
27995
27998
27998
28000
28000
28001
28004
28005
28018
28021
28022
28027
28027
28033
28036
28037
28041
28045
28045
28054
28054
28054
28055
28064
28066
28067
28073
28076
28076
28078
28084
28085
28089
28090
28099
28101
28102
28102
28106
28122
28123
28129
28133
28135
28138
28140
28140
28145
28147
28148
28150
28151
28152
28152
28153
28161
28166
28171
28172
28173
28174
28178
28180
28182
28183
28197
28198
28199
28199
28202
28207
28208
28215
28218
28218
28220
28223
28231
28244
28247
28259
28259
28259
28261
28269
28283
28285
28288
28291
28292
28293
28297
28297
28305
28306
28312
28316
28316
28330
28334
28340
28347
28356
28361
28364
28371
28372
28376
28382
28385
28390
28390
28395
28398
28399
28400
28403
28405
28407
28409
28409
28416
28416
28419
28422
28430
28430
28433
28437
28439
28440
28451
28462
28463
28464
28473
28479
28485
28489
28502
28504
28508
28509
28518
28522
28526
28536
28542
28543
28545
28548
28550
28552
28552
28553
28562
28563
28564
28572
28573
28580
28583
28586
28587
28588
28598
28600
28600
28605
28607
28611
28612
28617
28621
28629
28631
28634
28635
28638
28643
28646
28650
28651
28652
28655
28656
28657
28658
28659
28662
28666
28669
28678
28683
28686
28687
28690
28690
28690
28692
28698
28699
28702
28702
28703
28704
28710
28710
28713
28717
28720
28721
28722
28722
28735
28735
28737
28741
28742
28748
28751
28756
28764
28766
28767
28771
28779
28779
28779
28781
28782
28786
28795
28796
28799
28800
28812
28813
28817
28820
28822
28824
28834
28843
28844
28846
28846
28848
28849
28856
28861
28862
28862
28865
28866
28871
28874
28878
28883
28887
28887
28893
28899
28901
28903
28911
28919
28922
28924
28924
28925
28926
28930
28934
28934
28940
28942
28944
28949
28950
28959
28959
28959
28960
28961
28963
28965
28967
28969
28969
28970
28972
28974
28974
28975
28975
28977
28988
28990
28995
29000
29001
29004
29008
29012
29014
29018
29021
29023
29026
29034
29036
29036
29037
29041
29042
29046
29050
29061
29062
29070
29076
29082
29083
29096
29097
29098
29099
29103
29114
29119
29121
29121
29121
29127
29138
29141
29142
29149
29153
29154
29154
29155
29170
29174
29183
29183
29195
29198
29202
29207
29208
29214
29214
29219
29219
29228
29232
29234
29234
29241
29243
29246
29254
29257
29258
29258
29273
29276
29276
29281
29285
29292
29295
29298
29302
29306
29306
29310
29313
29314
29324
29324
29326
29329
29330
29335
29345
29346
29348
29351
29354
29357
29368
29370
29370
29378
29380
29381
29386
29391
29394
29395
29398
29401
29404
29406
29406
29408
29410
29412
29412
29418
29423
29429
29432
29433
29434
29440
29441
29442
29443
29444
29445
29451
29454
29455
29457
29462
29465
29468
29472
29478
29485
29486
29488
29491
29498
29500
29502
29504
29508
29514
29516
29519
29520
29524
29533
29537
29539
29540
29541
29548
29550
29551
29556
29560
29561
29566
29570
29573
29577
29581
29584
29584
29585
29585
29587
29592
29595
29597
29599
29603
29607
29611
29626
29627
29631
29651
29653
29655
29655
29656
29665
29665
29667
29668
29670
29673
29674
29676
29679
29683
29702
29702
29706
29707
29712
29719
29723
29728
29732
29737
29748
29748
29749
29758
29760
29764
29766
29766
29773
29776
29779
29780
29784
29786
29786
29788
29788
29797
29798
29805
29806
29810
29811
29814
29815
29817
29819
29821
29827
29827
29830
29831
29842
29852
29857
29859
29864
29866
29867
29869
29873
29875
29876
29876
29878
29878
29888
29891
29895
29902
29902
29905
29909
29910
29919
29923
29926
29926
29927
29933
29933
29935
29935
29938
29941
29942
29946
29948
29949
29950
29952
29961
29964
29965
29967
29978
29978
29981
29985
29988
29989
29990
29991
29994
30001
30005
30009
30010
30011
30019
30020
30034
30039
30041
30043
30050
30055
30058
30058
30059
30061
30067
30071
30073
30075
30076
30077
30081
30083
30088
30096
30100
30106
30118
30126
30128
30131
30134
30134
30135
30145
30147
30149
30150
30154
30155
30166
30168
30170
30170
30172
30173
30175
30181
30185
30186
30190
30191
30192
30198
30198
30207
30210
30218
30221
30228
30231
30233
30236
30244
30245
30256
30260
30260
30265
30268
30274
30275
30283
30283
30285
30287
30290
30295
30308
30313
30321
30328
30329
30330
30335
30340
30344
30350
30357
30371
30374
30374
30375
30376
30384
30390
30390
30390
30392
30392
30392
30394
30395
30398
30403
30408
30411
30413
30414
30415
30418
30421
30422
30423
30424
30425
30433
30434
30437
30440
30440
30442
30444
30450
30451
30452
30458
30463
30478
30483
30484
30488
30489
30496
30501
30502
30510
30512
30512
30518
30520
30521
30524
30525
30528
30528
30534
30534
30539
30539
30541
30545
30547
30550
30557
30565
30565
30565
30572
30572
30578
30587
30587
30596
30597
30599
30600
30601
30605
30607
30608
30610
30610
30611
30613
30614
30623
30624
30630
30630
30630
30638
30650
30653
30657
30660
30663
30670
30671
30683
30688
30693
30694
30699
30699
30702
30704
30710
30711
30713
30714
30719
30720
30722
30727
30727
30728
30729
30729
30740
30740
30740
30746
30747
30754
30759
30761
30767
30769
30770
30770
30770
30771
30771
30772
30777
30782
30792
30793
30795
30797
30798
30799
30800
30800
30811
30811
30813
30814
30819
30820
30822
30822
30824
30824
30835
30841
30841
30845
30845
30849
30849
30853
30867
30869
30874
30876
30879
30891
30893
30895
30897
30898
30905
30914
30917
30919
30920
30922
30926
30938
30940
30941
30941
30947
30950
30955
30955
30958
30959
30961
30968
30973
30976
30977
30977
30978
30981
30982
30983
30989
30989
30990
30991
30992
30993
30996
30997
31002
31007
31009
31011
31011
31011
31015
31021
31021
31023
31026
31029
31033
31040
31046
31056
31057
31058
31059
31065
31067
31068
31070
31074
31075
31075
31076
31077
31081
31083
31083
31084
31089
31093
31095
31104
31105
31105
31117
31121
31122
31124
31138
31141
31146
31151
31153
31157
31162
31163
31166
31167
31169
31174
31179
31180
31184
31184
31185
31188
31189
31196
31198
31200
31206
31209
31218
31219
31232
31236
31238
31243
31259
31262
31266
31268
31271
31274
31276
31283
31284
31286
31297
31298
31301
31303
31304
31305
31308
31313
31328
31331
31335
31337
31339
31342
31343
31343
31347
31349
31351
31357
31363
31364
31364
31365
31368
31368
31372
31374
31376
31378
31378
31381
31381
31387
31390
31391
31393
31399
31400
31404
31405
31406
31407
31408
31412
31416
31418
31418
31419
31428
31429
31430
31431
31440
31443
31445
31448
31448
31449
31452
31452
31454
31456
31457
31459
31461
31462
31468
31476
31480
31480
31484
31493
31495
31499
31499
31501
31515
31516
31523
31524
31527
31527
31528
31536
31539
31542
31551
31552
31558
31558
31562
31562
31562
31567
31568
31573
31574
31576
31580
31585
31586
31586
31588
31589
31592
31592
31597
31598
31606
31612
31612
31614
31619
31623
31626
31627
31630
31635
31639
31640
31642
31643
31645
31657
31664
31669
31671
31672
31675
31680
31688
31696
31697
31703
31705
31706
31725
31726
31726
31727
31729
31733
31736
31741
31746
31747
31754
31761
31764
31764
31766
31769
31771
31775
31776
31783
31784
31785
31788
31792
31797
31799
31799
31808
31809
31810
31812
31814
31815
31823
31829
31831
31832
31836
31839
31840
31847
31851
31854
31860
31863
31865
31865
31866
31868
31872
31876
31877
31884
31887
31889
31891
31892
31892
31892
31895
31896
31899
31905
31906
31911
31913
31918
31921
31933
31933
31934
31948
31958
31960
31963
31967
31972
31979
31988
31992
31993
31993
32002
32004
32004
32010
32013
32015
32022
32026
32030
32052
32058
32059
32060
32062
32064
32065
32066
32070
32075
32077
32078
32083
32093
32094
32094
32105
32107
32107
32107
32108
32110
32112
32113
32115
32117
32119
32120
32132
32138
32138
32140
32140
32145
32147
32148
32149
32161
32166
32166
32169
32171
32172
32175
32178
32184
32188
32189
32201
32202
32203
32204
32217
32229
32231
32233
32234
32240
32241
32243
32257
32258
32261
32269
32276
32276
32281
32283
32285
32290
32291
32293
32298
32299
32316
32318
32322
32327
32328
32328
32330
32332
32334
32339
32340
32340
32345
32350
32357
32357
32363
32366
32367
32367
32373
32376
32377
32382
32384
32388
32398
32400
32405
32405
32408
32409
32410
32412
32425
32427
32428
32428
32431
32433
32433
32434
32436
32437
32437
32437
32444
32446
32447
32451
32456
32460
32460
32475
32479
32482
32482
32484
32488
32489
32489
32496
32497
32501
32502
32505
32506
32512
32512
32520
32520
32525
32532
32532
32534
32536
32536
32538
32538
32540
32540
32547
32547
32548
32549
32553
32556
32559
32582
32587
32601
32601
32615
32616
32618
32620
32625
32626
32627
32627
32628
32629
32647
32647
32649
32650
32650
32650
32653
32657
32664
32673
32685
32687
32696
32697
32700
32702
32702
32704
32704
32704
32711
32713
32714
32714
32716
32717
32718
32721
32721
32722
32725
32725
32730
32739
32743
32745
32746
32755
32755
32762
32763
32763
32766
