13295
4397
31551
1811
22318
22282
26139
12135
18616
21271
20277
28316
25814
5576
21822
14444
8424
3408
688
11833
5719
13506
20577
26448
14794
15990
13913
3696
4765
15790
16096
30854
1679
4985
20444
6331
3514
8920
7770
30128
25289
4128
107
1032
869
3999
4401
2600
5360
1922
23353
28986
374
2294
32011
10104
24800
25742
31744
30631
619
24037
14676
31201
10841
17028
15740
408
22503
26630
19898
11480
10110
21882
32750
30924
9517
7176
16559
32644
9047
8920
32666
17141
27049
27183
30186
10562
20559
2523
15178
3642
7016
28370
7399
3617
10935
7190
27336
28083
20891
29403
12130
17254
27457
17900
1383
17904
32536
15435
32736
25609
2437
18199
22651
2418
15577
11955
22566
13622
20096
31525
11740
17712
9338
15292
10175
6861
30480
29174
616
32019
15039
9120
17019
23522
26233
22591
19582
22650
27149
1455
12011
14142
26851
12298
21123
7864
3308
16588
1254
18396
1497
22836
4449
913
2187
9197
23559
14701
25291
27117
13059
17344
30524
28318
18988
19669
13709
22331
5338
4468
25331
8573
29176
11435
18135
28024
24155
20687
4044
7871
8530
4541
1219
6351
10111
9317
22146
6827
32741
14218
9554
32195
12097
18883
3832
23578
19870
8390
22759
25000
8740
17893
2740
19710
12593
11225
3274
25384
28843
25023
8031
23255
5780
30560
15783
704
13790
30389
16711
10047
7553
5803
23052
31552
11724
2851
11741
2143
6136
5693
13550
27214
15363
16086
9783
22903
6332
20559
2085
18659
538
1936
14735
7003
4561
4429
1771
13261
1575
15752
8130
25841
772
3160
97
1067
26953
30696
9170
9140
14435
8130
4618
14325
11808
14670
7780
11315
6337
27029
27214
10865
3920
27723
66
6802
1076
11277
6905
7359
26114
12263
27867
776
17046
537
31673
3662
8291
29723
25790
29280
519
25566
7331
25956
18466
26197
35
15993
25961
31540
18607
26522
6390
11768
14690
9925
8930
18471
6199
605
10006
30937
18298
17614
12894
5495
4988
25455
5568
22467
2187
19628
3083
15640
25889
24932
23986
27379
31836
7568
30427
15539
7342
13350
9140
24221
20182
8765
26374
6691
271
32113
7948
14182
29319
393
27781
6137
29458
8535
4104
28392
19232
7904
12696
14841
24557
28349
18040
24625
26615
27329
2368
6554
17333
6108
14385
1092
20102
831
3526
2698
15336
31425
10123
32406
21738
9346
20274
3880
10724
14798
23012
31122
3173
26948
4565
7432
25965
9271
24091
21270
15324
23380
7360
12658
32555
28293
25366
6388
27226
21526
6218
13795
4905
15127
7740
21874
31115
11521
31886
13450
11096
29340
16892
11210
20546
16415
4075
23757
12810
27801
1092
17579
5364
14481
30082
22466
29816
26601
13578
2742
30778
13065
19387
27830
13628
21305
25799
14081
3922
11853
23233
30121
20183
25992
6903
11671
16031
19387
21249
9168
26156
1709
7322
10743
13349
24511
7087
5138
11523
2000
17078
15249
29198
21087
12609
13196
13448
11247
24787
4684
26920
20400
5106
29709
20426
91
15229
6914
9060
18526
17984
20634
1596
1337
3782
27650
32344
16936
23406
8683
5686
9730
9409
397
30142
30817
5635
17131
1909
515
31752
19033
32243
19568
5706
1340
19863
1245
32312
1042
28281
1617
6352
30130
31392
20230
18031
26580
31862
25874
17640
28883
376
28230
30676
9906
17714
32599
2858
1886
2155
26171
9232
13874
26781
29654
5104
12992
19368
2262
16845
27855
13254
27100
15832
22944
4034
7900
13118
28278
23397
25030
11333
9300
9266
24678
23703
26889
18003
21897
26077
8554
30162
15713
19088
8415
26636
10538
780
14881
12643
30222
26855
19777
11060
27462
27776
30445
30217
899
18651
17647
27663
25996
10668
5110
6090
20520
30641
31385
775
32062
16197
26009
29202
16443
25907
18790
24362
25524
7624
3301
18994
2637
23084
4465
12457
5849
8178
31776
16860
24514
32493
9287
9050
12715
6469
19264
22953
25941
29131
362
10551
3263
29834
23666
915
31634
28062
25297
21725
11963
25162
20630
17788
22362
68
6502
17422
3291
5971
19393
27557
27234
20764
14726
6704
7021
6969
2490
19255
7093
30604
6021
2764
11861
9939
17021
5310
20525
24956
5160
29711
10633
4794
24251
13992
17150
18904
14632
2380
405
21966
31832
20427
11820
16146
9653
3448
3096
5040
17132
12764
17167
14749
19185
7596
8262
15176
2115
29689
29398
17011
30833
2983
1892
13633
17629
5408
1793
10640
14528
18505
15695
8840
22638
11958
2533
19572
32220
24090
245
10961
7775
14081
32556
27813
7606
31681
13530
23315
21067
21421
27731
5675
7862
3725
3989
5127
17539
15435
12587
5651
21557
27887
7249
2220
24202
11469
12376
237
19201
4349
2892
19653
30618
26636
18389
18765
1501
25329
21083
29529
31005
19011
6509
26190
2558
5033
7524
15667
21301
27537
9027
2570
15247
1829
3810
22368
16693
21114
10316
26659
2606
20235
20581
10676
24101
13927
26832
3133
28013
13606
29455
13637
2370
21025
10988
16513
12626
21987
8216
749
6780
18010
4883
1052
4823
19154
6475
8652
26358
3109
19592
4542
11370
25899
2439
13765
5513
30584
485
30236
12910
30791
9536
5628
17217
18865
9624
13934
32697
13347
6907
31583
30686
21518
2657
1778
29204
4064
21461
16154
27221
10804
19413
4455
5822
17477
1020
10528
5453
25769
1758
19347
9961
22076
2868
20137
7074
29530
25145
23997
21563
12625
9555
174
31973
21
26358
6451
25934
21046
27333
19055
6618
24848
10491
32454
8752
322
8458
32750
2297
7009
16258
21833
4324
7405
23347
23666
15086
30083
3478
20502
480
29781
27241
12549
28441
6616
23194
17800
27789
12732
7782
8950
30734
18721
15042
30082
7115
21768
22010
31319
20502
7431
18328
24551
10858
15938
24455
127
32172
23190
10360
11039
20401
18455
10629
28298
18433
21693
27412
6809
31706
29274
17151
27604
15224
24271
11250
5443
17556
7296
11284
7298
32299
20229
3817
15380
8576
20515
30327
16377
29796
4346
1959
4227
30901
7039
13807
24421
13605
18477
29230
11021
31548
31736
16599
3124
20129
643
31570
435
20885
22674
16543
11928
23232
31426
22845
15993
6192
3192
4682
25608
25503
27415
21483
9704
11252
374
30446
28095
6157
28561
7598
3469
18108
23166
5175
12092
20495
