21
35
66
68
91
97
107
127
174
237
245
271
322
362
374
374
376
393
397
405
408
435
480
485
515
519
537
538
605
616
619
643
688
704
749
772
775
776
780
831
869
899
913
915
1020
1032
1042
1052
1067
1076
1092
1092
1219
1245
1254
1337
1340
1383
1455
1497
1501
1575
1596
1617
1679
1709
1758
1771
1778
1793
1811
1829
1886
1892
1909
1922
1936
1959
2000
2085
2115
2143
2155
2187
2187
2220
2262
2294
2297
2368
2370
2380
2418
2437
2439
2490
2523
2533
2558
2570
2600
2606
2637
2657
2698
2740
2742
2764
2851
2858
2868
2892
2983
3083
3096
3109
3124
3133
3160
3173
3192
3263
3274
3291
3301
3308
3408
3448
3469
3478
3514
3526
3617
3642
3662
3696
3725
3782
3810
3817
3832
3880
3920
3922
3989
3999
4034
4044
4064
4075
4104
4128
4227
4324
4346
4349
4397
4401
4429
4449
4455
4465
4468
4541
4542
4561
4565
4618
4682
4684
4765
4794
4823
4883
4905
4985
4988
5033
5040
5104
5106
5110
5127
5138
5160
5175
5310
5338
5360
5364
5408
5443
5453
5495
5513
5568
5576
5628
5635
5651
5675
5686
5693
5706
5719
5780
5803
5822
5849
5971
6021
6090
6108
6136
6137
6157
6192
6199
6218
6331
6332
6337
6351
6352
6388
6390
6451
6469
6475
6502
6509
6554
6616
6618
6691
6704
6780
6802
6809
6827
6861
6903
6905
6907
6914
6969
7003
7009
7016
7021
7039
7074
7087
7093
7115
7176
7190
7249
7296
7298
7322
7331
7342
7359
7360
7399
7405
7431
7432
7524
7553
7568
7596
7598
7606
7624
7740
7770
7775
7780
7782
7862
7864
7871
7900
7904
7948
8031
8130
8130
8178
8216
8262
8291
8390
8415
8424
8458
8530
8535
8554
8573
8576
8652
8683
8740
8752
8765
8840
8920
8920
8930
8950
9027
9047
9050
9060
9120
9140
9140
9168
9170
9197
9232
9266
9271
9287
9300
9317
9338
9346
9409
9517
9536
9554
9555
9624
9653
9704
9730
9783
9906
9925
9939
9961
10006
10047
10104
10110
10111
10123
10175
10316
10360
10491
10528
10538
10551
10562
10629
10633
10640
10668
10676
10724
10743
10804
10841
10858
10865
10935
10961
10988
11021
11039
11060
11096
11210
11225
11247
11250
11252
11277
11284
11315
11333
11370
11435
11469
11480
11521
11523
11671
11724
11740
11741
11768
11808
11820
11833
11853
11861
11928
11955
11958
11963
12011
12092
12097
12130
12135
12263
12298
12376
12457
12549
12587
12593
12609
12625
12626
12643
12658
12696
12715
12732
12764
12810
12894
12910
12992
13059
13065
13118
13196
13254
13261
13295
13347
13349
13350
13448
13450
13506
13530
13550
13578
13605
13606
13622
13628
13633
13637
13709
13765
13790
13795
13807
13874
13913
13927
13934
13992
14081
14081
14142
14182
14218
14325
14385
14435
14444
14481
14528
14632
14670
14676
14690
14701
14726
14735
14749
14794
14798
14841
14881
15039
15042
15086
15127
15176
15178
15224
15229
15247
15249
15292
15324
15336
15363
15380
15435
15435
15539
15577
15640
15667
15695
15713
15740
15752
15783
15790
15832
15938
15990
15993
15993
16031
16086
16096
16146
16154
16197
16258
16377
16415
16443
16513
16543
16559
16588
16599
16693
16711
16845
16860
16892
16936
17011
17019
17021
17028
17046
17078
17131
17132
17141
17150
17151
17167
17217
17254
17333
17344
17422
17477
17539
17556
17579
17614
17629
17640
17647
17712
17714
17788
17800
17893
17900
17904
17984
18003
18010
18031
18040
18108
18135
18199
18298
18328
18389
18396
18433
18455
18466
18471
18477
18505
18526
18607
18616
18651
18659
18721
18765
18790
18865
18883
18904
18988
18994
19011
19033
19055
19088
19154
19185
19201
19232
19255
19264
19347
19368
19387
19387
19393
19413
19568
19572
19582
19592
19628
19653
19669
19710
19777
19863
19870
19898
20096
20102
20129
20137
20182
20183
20229
20230
20235
20274
20277
20400
20401
20426
20427
20444
20495
20502
20502
20515
20520
20525
20546
20559
20559
20577
20581
20630
20634
20687
20764
20885
20891
21025
21046
21067
21083
21087
21114
21123
21249
21270
21271
21301
21305
21421
21461
21483
21518
21526
21557
21563
21693
21725
21738
21768
21822
21833
21874
21882
21897
21966
21987
22010
22076
22146
22282
22318
22331
22362
22368
22466
22467
22503
22566
22591
22638
22650
22651
22674
22759
22836
22845
22903
22944
22953
23012
23052
23084
23166
23190
23194
23232
23233
23255
23315
23347
23353
23380
23397
23406
23522
23559
23578
23666
23666
23703
23757
23986
23997
24037
24090
24091
24101
24155
24202
24221
24251
24271
24362
24421
24455
24511
24514
24551
24557
24625
24678
24787
24800
24848
24932
24956
25000
25023
25030
25145
25162
25289
25291
25297
25329
25331
25366
25384
25455
25503
25524
25566
25608
25609
25742
25769
25790
25799
25814
25841
25874
25889
25899
25907
25934
25941
25956
25961
25965
25992
25996
26009
26077
26114
26139
26156
26171
26190
26197
26233
26358
26358
26374
26448
26522
26580
26601
26615
26630
26636
26636
26659
26781
26832
26851
26855
26889
26920
26948
26953
27029
27049
27100
27117
27149
27183
27214
27214
27221
27226
27234
27241
27329
27333
27336
27379
27412
27415
27457
27462
27537
27557
27604
27650
27663
27723
27731
27776
27781
27789
27801
27813
27830
27855
27867
27887
28013
28024
28062
28083
28095
28230
28278
28281
28293
28298
28316
28318
28349
28370
28392
28441
28561
28843
28883
28986
29131
29174
29176
29198
29202
29204
29230
29274
29280
29319
29340
29398
29403
29455
29458
29529
29530
29654
29689
29709
29711
29723
29781
29796
29816
29834
30082
30082
30083
30121
30128
30130
30142
30162
30186
30217
30222
30236
30327
30389
30427
30445
30446
30480
30524
30560
30584
30604
30618
30631
30641
30676
30686
30696
30734
30778
30791
30817
30833
30854
30901
30924
30937
31005
31115
31122
31201
31319
31385
31392
31425
31426
31525
31540
31548
31551
31552
31570
31583
31634
31673
31681
31706
31736
31744
31752
31776
31832
31836
31862
31886
31973
32011
32019
32062
32113
32172
32195
32220
32243
32299
32312
32344
32406
32454
32493
32536
32555
32556
32599
32644
32666
32697
32736
32741
32750
32750
