13204
31122
22874
16166
28422
10638
4527
28563
15044
29577
24418
27082
28518
1031
23033
20497
11184
11790
14964
8502
13764
6024
26146
26648
31895
1256
7097
1128
19874
2064
30374
28849
4826
5746
15522
10646
11489
19062
10630
6748
15742
21532
11616
12968
30283
23779
20678
2441
16301
25321
13162
12728
19465
20307
22767
8991
27445
19439
14331
23961
12845
7192
16270
10489
19208
31963
18066
5709
298
20568
6579
9828
23994
6250
7024
14733
26711
1162
10866
11426
24582
5872
16925
18245
111
9468
2406
24426
10058
14037
17380
22038
28180
2640
22825
20837
3078
15635
26194
22482
5191
25082
3549
12467
25697
1465
31163
11779
22258
26307
17318
17252
3748
25707
14261
3684
27998
26953
9518
13312
3004
21728
12699
14183
17597
10365
25120
11776
10684
31586
20235
29869
29346
31268
13741
19026
15961
30034
23657
29585
14212
17239
32010
19416
29037
31138
10585
26526
4414
16644
24048
11241
6005
18777
14153
32532
23954
8298
32026
30415
7186
28690
30693
10087
3233
26528
17610
30792
31884
21629
7073
8640
25461
11791
15173
14341
21066
6364
28722
26490
20088
9459
26963
17966
27995
19336
20245
24229
17401
28638
20672
22492
32497
26474
7175
24199
13998
19765
29406
13213
21472
9346
21387
1046
6189
3761
26368
28148
7971
6243
10600
22144
27506
25055
256
30166
21592
9908
14120
15267
26460
26784
1978
28974
4671
16817
15002
15509
10544
8618
31630
26969
7487
31400
25680
6685
30484
8453
27874
18347
27105
25213
13858
12600
4757
6287
25246
8681
14163
14886
29097
12182
6946
12409
20655
22221
14822
29488
5829
6170
143
12232
7812
31365
21904
56
29208
5981
1426
29909
15764
4916
26730
30067
15240
10283
21065
15821
20438
9584
9523
31015
17601
2052
5811
16689
24135
4290
32204
1071
14257
31645
15666
5719
8040
15401
7611
29306
25866
25437
11536
28135
19901
4759
29864
25485
8900
8160
7415
6751
3664
20337
20706
27389
15000
18039
30071
26768
26411
6932
2523
4341
26757
9638
17283
18463
17889
30539
15015
8886
26959
6565
15092
17412
5638
31706
3202
21266
6395
12511
18693
19214
26547
25335
4423
10992
8533
8310
14038
18526
9731
26059
11769
18892
14442
2237
23529
3047
23960
26869
5438
30260
28430
2493
24744
756
4887
30983
20959
32332
3928
10161
4317
16546
10663
5895
24906
26698
2849
32650
15928
22114
22902
21744
24080
29434
31368
19307
13004
31865
13877
16942
14951
26171
10864
14126
13202
2687
17815
10277
2729
13185
15104
1245
4837
16355
9686
5803
24531
26193
20003
313
21253
23653
17453
16521
12807
25800
17926
18487
22676
2203
9055
10239
23306
21
5021
22910
11548
3693
12847
6973
8391
21754
5406
31979
20871
24985
12773
234
20426
31823
1156
30478
8357
30767
11472
29857
26054
2942
30221
3498
16810
29462
31934
13166
19472
25864
26300
23608
10925
5765
24966
22614
8737
22783
23256
30820
13098
4747
10111
26829
6167
5514
3179
26254
13952
7048
24070
12605
22837
26468
10692
24138
18036
21169
7675
29062
1631
19037
9206
24289
28076
32400
24645
22904
16543
18903
3414
5071
565
4994
25674
21850
17315
12619
2049
2371
2046
3128
9847
10855
4156
3266
17492
12450
9051
4662
26302
25420
9952
31068
3954
13571
7043
30295
16147
3243
21033
17868
29121
8116
27922
31046
18926
16795
340
25305
23917
19636
27784
25606
22732
2086
12995
9183
27876
12087
30920
28779
15022
32202
28283
20300
12633
26149
15769
415
4761
21496
20647
32548
4417
8347
1576
11423
15892
7320
9235
20862
14040
21097
8068
4283
19373
26243
3250
26884
3741
14483
19233
26
372
10759
16921
15735
21970
11728
16726
30771
29566
1382
23041
15400
14589
20237
17375
27221
10852
18776
8905
14464
618
28651
16476
21535
22977
21892
3569
11385
22695
24381
719
10249
9912
17675
10912
18723
3334
31627
30754
1498
32363
27390
12319
22304
31262
6033
159
17199
31877
7907
6236
26408
29258
11969
21110
17402
25009
22836
19048
21126
15913
27069
27707
8961
6689
8159
21754
2969
11036
29406
5989
10843
21512
17095
14569
15956
10699
6832
31440
7158
9760
26689
17334
16574
31905
19571
15676
18964
17956
27032
31232
21363
30283
21148
14284
32713
20311
32650
4621
12833
18493
27473
14471
14719
6396
16073
32328
29707
24877
11505
21722
11634
7388
25723
1981
15498
23446
14986
19476
9269
28099
29370
30879
15239
31799
18529
31209
8491
15875
7444
22211
32258
16529
28781
22768
23310
30192
1292
11810
3727
32108
22236
5414
1131
23138
18071
27483
26067
3410
7821
11880
25636
17206
21665
17966
11019
3858
11668
11004
15853
25037
9606
15362
17542
13375
16825
23049
2768
6027
12185
6753
14374
8111
21753
9754
425
23641
13728
6519
23523
21501
20996
30623
28586
13604
25429
1686
22087
12807
6333
10092
24792
14940
14823
32436
28403
1904
21182
312
6284
11894
19575
14571
12057
11550
6097
22047
23027
9322
19611
24824
20992
13758
25207
7969
143
13878
26335
445
1411
11323
21605
12193
26804
19289
28479
32704
31378
25163
19202
30694
10252
28504
23982
9130
17840
20195
17387
22430
5651
14397
6802
13512
3955
31933
4463
86
9371
15635
6982
9101
5383
2265
24339
26627
2121
7275
20118
17422
30891
12537
1551
19324
12566
4826
22855
6276
25138
29219
12751
16637
4815
8569
8844
11214
28548
14115
21620
23206
15765
17507
12434
31725
29978
5895
27472
22778
18014
14651
21749
29830
3718
9121
4973
28000
32627
21924
10569
31075
32489
18441
28166
3238
240
28102
23442
242
24954
14104
21772
20857
327
19152
19147
16068
10758
27117
24483
28398
32189
12656
29539
24080
30058
11884
13986
13052
13035
30813
11196
19502
10779
17850
14615
6399
25918
11982
12459
4892
26783
4803
28865
27703
31095
21248
506
17404
19473
22709
22164
31303
23852
6323
3817
29076
31393
2434
26424
21943
16197
16301
12968
15053
1553
9313
1930
10354
6272
31286
223
25908
7225
9293
14618
5704
1006
25499
25127
1916
1924
32388
7851
12141
26484
1708
142
17402
32625
12554
20663
29432
27723
29758
1046
4903
18707
24868
488
24933
18304
27049
7990
7714
10129
2525
29599
7956
21108
1866
27480
10540
7335
14981
14961
9928
29533
5890
5466
3626
31011
25900
21157
3113
21955
25269
23053
18214
15720
15659
1208
20034
29444
6861
21177
2254
18927
9628
6617
14852
27345
19637
4503
27892
24513
12253
24685
23744
11182
26974
3669
11532
28926
10770
140
1713
27510
23485
25238
27825
16730
15775
8322
23920
28629
12106
22127
5153
22170
7602
22863
32382
9932
18051
15595
15036
14620
17847
31528
12734
3889
8551
8328
8585
1100
18401
8691
11256
28972
13308
16312
15792
18223
11176
6607
24919
26299
19657
22881
21249
13532
23622
5001
26603
13358
2908
18781
7788
9470
10041
10536
27176
28844
26310
29946
4231
25683
19140
12899
10598
32428
17434
1915
6156
21808
5229
26917
4191
21629
7410
32405
31831
24571
3968
24080
21940
5311
13802
1779
18412
13232
17291
15607
11880
30440
25890
10419
17135
22109
737
24931
4195
32704
26816
17383
32171
1445
18711
15119
1264
2533
19820
23829
27404
26432
10633
619
2879
7751
25810
14775
2852
2426
19926
15645
2788
7341
19492
19644
9642
13232
1120
4731
22103
13358
662
29445
5238
1750
24269
28690
15730
11193
4064
32745
7686
28147
24713
32290
12278
31374
15039
6577
24573
24227
15682
25632
28678
12482
20340
26140
18847
27028
10090
23859
21674
12223
30275
1756
9813
6922
11960
7352
7245
12994
6645
26135
14383
11100
11943
702
20288
10075
24151
21224
25181
32629
19702
8330
12853
22001
9913
28123
25525
31059
2087
3348
18628
23099
11376
25972
8497
6283
22016
2440
26601
27592
9556
681
110
27331
21004
30150
22660
30328
31298
1380
21038
19510
31771
5346
2520
768
3483
20738
19670
30772
1726
8613
21517
28522
4548
26838
5872
27039
13772
13066
19119
30611
28580
15526
25002
2927
19680
28866
7980
3499
15657
17709
4950
14639
3544
6065
4953
696
17348
28824
489
3966
18263
20078
31726
32532
5864
24329
15740
3215
29508
18887
21253
19178
14990
28439
27341
169
25930
16699
23199
26301
22964
6732
11711
20136
2390
13182
20255
29665
3289
8613
9173
31866
12828
31480
10701
27904
12419
2581
28347
5027
30610
12870
29524
11926
19386
26883
20158
20921
9586
26808
9797
20342
1674
200
19791
10472
14780
9937
8594
18755
12421
11570
30596
4208
29491
17098
11027
28919
22334
8195
10391
9506
28635
1295
517
16224
27855
28018
25701
6631
23425
7361
390
27037
32340
26793
16880
30777
11827
25650
21274
18853
31342
20549
26077
12455
31428
30061
12585
5825
1985
19162
3319
31574
19786
3755
14718
28173
27510
13165
9898
2171
6559
18142
20426
11004
32697
13815
32649
225
14819
4650
4127
4049
14908
15337
31688
22121
31992
5735
20853
15910
17075
10402
25026
25733
17668
20385
14377
32616
6486
26106
13429
24764
13811
1176
22649
23897
19810
16571
7681
6953
29683
2880
26889
2701
17304
5411
27181
3836
29174
23874
1377
6894
3260
19300
4322
17144
20532
31865
109
3128
19480
9252
20654
31219
19110
10102
18171
7805
11766
21757
22850
13145
14220
24061
21056
31906
28202
29949
1524
31657
5607
13701
10836
13536
28293
14631
10302
3319
11264
32188
30897
324
23907
240
25149
16232
13791
13569
10936
24624
27678
12995
4403
18873
9173
19688
9260
31960
5529
26750
18438
20920
26867
16057
438
26565
29878
27635
22974
19657
22928
28657
27487
8021
10976
872
29706
12387
6599
26303
30489
26681
22146
3607
18876
29329
7159
20105
6966
30198
6541
28846
19785
23153
12097
19557
12526
25445
12279
20944
31562
8376
7693
9120
1758
31539
5686
9875
13566
24620
23686
10810
900
20578
16329
3840
10949
22056
18201
3432
22468
9926
23984
662
22182
29468
28922
26129
16742
11144
13550
19655
1738
15114
671
7506
23958
32166
1294
22905
30719
30218
10307
8442
2914
1649
32412
20871
54
12487
4196
26638
24128
8718
18855
1853
18693
3328
31301
18246
8325
6134
7238
13023
6694
25096
21613
5517
26095
25462
24848
32547
13302
11591
27431
8325
11804
19503
28066
26034
14839
21174
9984
28930
5904
20119
18717
23468
11599
11622
23371
24458
8115
21622
677
20001
30534
28666
9376
30940
31313
15722
6115
28312
972
21801
22361
12901
28440
14180
27524
20363
27633
8253
32276
28364
20126
26409
19384
20713
12394
28054
26676
21096
29784
24786
2228
23699
1043
21288
18527
26564
22820
28748
6960
29408
9831
20729
25345
5154
13760
12760
23273
1818
19978
4516
19656
23541
13648
31372
17696
11262
9024
31448
14631
30565
14300
4304
21274
4159
19059
3545
22739
14031
9424
13538
24734
19204
32433
6142
18505
14146
19835
31058
8826
30822
15403
13106
3653
26372
24464
27527
11518
9714
31416
5748
10828
23051
26536
3129
2687
3885
30799
13911
13092
28292
25533
6133
25046
10763
5009
13698
1367
16719
26032
8092
11487
887
13885
9520
435
29313
17861
28899
32506
27598
20409
5553
23500
14817
25890
20180
23437
29540
24464
30440
30841
19307
83
31308
7295
14077
4078
18635
23635
3025
4553
2684
26815
31829
24614
7142
10810
5364
17494
5480
15035
7833
24365
25049
12751
2671
30131
10347
30442
19180
30236
3541
3578
15885
18683
4273
4674
3299
17074
1314
21350
9294
18733
29627
18626
11017
464
24476
20224
6374
7085
14302
25578
21339
2555
30770
21628
29502
17091
15556
4414
6093
21981
19814
7377
27377
28699
25578
18631
15044
7876
12751
13496
19536
26436
26913
17297
19354
1825
19610
31536
31967
28721
2829
558
4893
21771
27141
12284
20437
22971
937
25394
20495
15546
7138
4643
10912
3101
20672
18869
17320
15116
10778
3696
31070
11126
19573
21460
3600
3
21287
32240
29541
19018
5565
8496
23270
26949
23705
29815
12220
11265
18656
10605
23995
3226
29587
7963
2464
5991
2043
8885
7831
21106
23883
12982
21761
14635
21377
30770
5747
8285
30605
27240
25346
5728
12981
20632
7102
5009
2360
5652
22140
3839
11313
9368
7897
19303
25279
14558
18555
28771
3683
25966
13978
17374
20137
14260
15551
6091
2059
13140
31948
16406
21010
6082
26173
9435
4286
9229
15021
17623
15656
19707
15260
15388
8550
6491
25967
8968
2991
6295
23480
22903
15551
10121
27320
4664
5501
30607
16931
12990
18396
3042
19746
23320
3839
8483
19358
10788
12960
13111
4284
4607
22962
5461
2724
20671
28741
20573
30599
24933
9387
15212
27616
30989
16345
685
3578
25704
23823
4210
10930
22892
17596
3203
1918
4426
28316
26037
5550
16033
28451
6591
27378
13297
21534
12106
8989
20050
13464
5703
3880
30822
30714
25221
21882
22924
6263
5251
26470
1366
25767
25731
28662
16190
1138
17375
8167
9876
17712
2208
31476
24251
28942
30541
2648
1941
13748
7937
6286
6716
24101
15296
23131
32243
25574
4875
10510
26972
7010
32434
12807
25579
32653
6634
16246
31642
24776
17567
32357
734
31493
28940
26105
27354
14123
28552
9204
3539
7100
11427
12927
32229
12469
5489
31527
11252
23221
5670
11045
31461
29026
26339
7394
4877
5384
6864
31418
2537
1924
9579
32512
12816
3169
18976
30019
10087
5184
10777
24784
27540
14205
25687
27768
9909
17423
31746
1940
24657
25264
30973
21574
17550
5951
30398
19201
18853
8290
5469
14155
18836
31343
234
29121
25619
2445
772
31580
15560
12054
21159
24052
27070
20032
5702
30210
9748
1021
19482
2474
7410
5663
3257
20729
24769
24000
23530
21355
25244
12513
31672
16048
32257
3921
30149
6831
27853
5841
20193
32460
14183
629
6363
11366
30011
14669
22167
12964
29034
12357
26209
32626
1983
9034
26241
454
19942
27054
18448
16680
23768
27086
1034
3697
20122
28658
9892
12755
17447
27764
9439
14873
1963
23845
12381
20784
7921
26092
32115
14823
25119
23728
12161
23283
27297
19576
24446
31542
28259
13265
28887
4929
23363
625
10362
22551
18118
6681
14893
25395
1545
22208
16421
7117
507
25069
20692
17754
7114
21861
9986
22354
13723
28934
4127
565
13182
26611
5336
1488
2209
2289
4072
15549
9412
17937
10033
297
21996
24464
23307
20185
29276
13819
8156
18031
24257
1942
13801
30186
17581
7423
13163
2669
3398
10511
29926
20289
29760
24577
26550
7708
18184
2518
25322
9380
9282
5111
598
9007
20342
26141
14308
2253
27910
32366
1835
4232
14948
6377
8003
17386
5761
26115
18135
1728
28297
5266
20091
4126
25293
13035
32064
29859
14337
11079
11142
9726
26791
24428
18
2993
27339
10121
865
6421
32241
14433
32059
1183
5452
13483
20619
1121
12848
28089
18797
13268
17098
5977
4489
1748
22799
29433
16032
28140
19954
13838
12132
4052
9434
12214
10893
15416
17235
29083
29737
31675
20739
27
19763
24892
21473
19879
4456
88
23713
1385
26454
11568
22386
26922
14006
26988
21740
18034
22779
8832
24388
18161
14379
9517
12227
8221
20462
27211
22646
26141
17637
8391
13862
1510
1596
6376
16010
10916
11651
29910
32444
4699
4281
16988
24042
5582
15018
25069
30798
26528
15740
24293
9824
20153
4996
7442
1098
24555
606
32627
3484
31445
13372
27711
8513
3592
31614
21033
434
26217
29827
4835
9577
3543
31167
30433
27545
32013
7694
3679
2332
9417
8520
9125
16812
4654
4886
8842
16727
12902
6148
6455
10797
31117
1239
13869
10812
28874
17440
26506
11710
28607
14865
32647
400
1316
6800
582
31206
21166
25994
203
28990
24630
32138
9544
13202
10775
3210
21661
10706
28376
11017
2335
22929
11
32093
19096
3327
6772
15179
26512
14103
2414
21973
21451
26649
6539
12115
20499
26171
7803
6597
16184
16027
4143
3944
19540
25209
829
22919
18003
9379
135
6548
21683
11056
24
26743
27017
10609
2894
38
5317
30245
19006
9078
7350
20972
84
14385
32721
29183
15418
18280
17326
8989
16123
22538
13651
6345
24169
22454
32437
15538
26300
1486
13692
4723
16251
5325
18183
892
22432
30170
26032
10064
7415
669
23377
23538
711
31057
25863
17049
23476
32538
31797
29867
2788
7321
12492
1257
20577
26814
30922
8423
13502
21982
6401
26304
22526
21766
2842
17159
10161
17294
1241
27393
16480
22257
1187
18193
32299
31452
1853
24947
177
21892
19158
11565
9776
26173
17224
14659
16877
29257
9115
9259
4567
13293
8394
25472
14183
32714
20938
13307
14282
21611
20681
17822
18242
2075
436
30770
25546
2297
8699
15348
761
25422
1432
27276
22312
541
9550
11326
28631
24060
25134
15716
14669
3619
8800
10268
8063
28611
11040
17982
22579
22425
23559
8081
6245
450
12172
30782
14570
13265
9418
9092
3667
17695
30340
28334
30740
354
17254
14402
27366
6529
2957
1916
31337
5799
10058
14330
9742
919
6947
3513
27956
16447
27931
17728
28305
13199
24372
29723
5844
20363
13105
19851
8840
7071
23456
8060
30524
14643
15896
7095
6113
5760
27328
16729
14451
17314
27920
31364
13532
7662
6620
16980
28437
17797
32398
26389
22670
4393
21939
15539
10960
29776
9401
21361
4961
2935
26358
1758
22247
17081
27117
30982
12177
19104
16077
19941
27315
20283
25915
15137
2480
9585
4945
16376
27165
25236
16103
6518
14627
4666
19473
18156
13861
32328
1256
12959
2211
15695
16014
21181
11615
31516
20332
22165
16062
12170
15038
13318
7280
14235
13650
10552
13907
1223
26508
1675
32405
22164
4270
21709
18202
12903
28502
11184
3613
3482
4937
19579
32281
24014
31854
21759
9450
899
11038
7885
9775
17126
1435
7846
27892
16105
14045
22579
8334
10905
27285
14838
24773
9389
2668
30081
3385
29018
24715
10214
7166
1647
17249
26222
17290
7581
11936
910
31697
16662
28041
8214
6830
1627
14954
23724
3973
27470
30565
16249
551
2447
25714
8738
22773
5125
30375
15354
27209
21179
13496
7286
23825
4334
15546
10721
31933
12644
22316
30800
1116
23807
15159
3289
9473
32657
26677
24832
19308
1778
14449
14962
26854
6224
4397
10998
17261
12231
21482
19616
4369
24113
29923
3655
25246
6464
23259
9274
8571
20938
27672
28975
9426
17507
27824
31612
8689
14385
4611
17034
31729
8188
28553
2182
13973
20869
8398
25689
4212
18201
21690
12251
2139
8037
7702
9795
20973
20364
11596
18147
32140
15223
22382
20498
22397
10349
3706
26217
16966
15843
11997
15410
4187
2197
17973
19741
8442
13269
14171
565
17492
27939
24481
21011
10989
9727
8536
12625
25669
10235
30614
26434
12472
12052
30518
6880
10915
32322
24863
11270
2760
8782
10698
11488
3060
22244
6654
3999
12767
16873
27870
23665
30547
30990
3878
944
10128
1446
25522
8281
26352
23221
12608
16065
11975
29001
7542
31619
16525
32525
22823
3773
21567
31515
25042
6012
1538
25874
31851
15220
18186
616
19806
28405
21946
1538
12754
31002
268
22018
15914
2116
15156
25569
1490
27334
16256
19133
4152
16354
20355
10228
7960
13557
19314
25073
10749
8942
10702
20806
13061
8196
4675
32763
22756
22953
8145
29478
18987
19129
3625
12988
32203
8696
22106
935
21716
27835
32428
2073
2435
23013
8652
14879
3964
10517
28970
29817
18772
6686
13984
32169
14162
28856
6484
18762
887
24693
10719
25507
3771
29942
31151
15228
25498
19038
16809
15920
12751
10759
23571
31236
14176
24436
5554
15031
15066
22919
6703
21595
31454
27636
32704
4195
14044
17654
13828
28924
13599
27457
23598
16033
27146
22583
16997
5097
9377
606
6763
23460
25675
27666
7037
29991
15317
2679
7547
29412
26043
6322
28489
10046
28067
11097
27765
29595
4907
6183
5658
3514
18916
1525
13060
12103
31390
14565
15124
25516
27111
28385
4582
26667
26574
24644
21682
21033
11501
14550
16240
28621
2214
7422
27968
5834
17580
3891
30728
21881
25029
18868
15199
14891
4559
24697
16042
9405
4865
16233
2692
22125
20596
22733
28004
13291
27618
6149
29561
28084
5293
27769
5593
667
20515
211
25819
20648
5888
29292
12737
10278
27700
7427
31643
5368
20711
20149
9064
21036
14779
30761
11133
7123
26961
11532
1579
21263
21518
2237
14236
10349
28959
19273
20222
16501
7354
17049
31459
1664
28583
21482
15592
8650
12288
14718
149
16584
16181
18577
6533
11964
10578
21391
27847
26502
14725
31876
18819
7613
14299
3028
13537
26366
13386
7980
11558
644
756
17592
10273
28153
19882
22167
20677
15500
24239
10892
18455
25668
2239
27126
27979
30100
20560
9730
28969
28975
14872
31775
14518
12317
25295
24242
21265
4623
17462
22027
1691
26096
19288
19864
14682
16572
9232
16729
14496
13973
24011
24468
9191
10772
19855
29386
32512
9693
20797
10217
12141
29814
22547
1219
26891
27225
21620
8895
19956
5703
31468
463
17827
19424
29295
1954
20313
15473
23009
32538
21440
4621
18140
11264
14798
16607
8621
18167
17133
702
671
30126
29273
12546
29821
4954
969
28822
16466
23908
13649
25679
9843
22622
26759
22908
10431
316
24293
8895
18982
7873
5486
5403
26472
18231
916
23373
3359
28259
16730
4960
28416
4024
22710
27260
25694
18635
17977
11007
3567
30727
27889
28878
2259
13218
399
30702
21202
11471
12485
14670
17382
21302
1266
18919
16633
19617
20225
12295
3055
5368
5774
8938
21735
23151
21835
26763
28862
27134
419
17849
22741
16402
11421
13421
22549
4482
14082
21595
2352
24772
25026
18887
2601
29537
15764
32410
2326
15270
15837
31157
3621
2716
29395
16517
9949
7739
12002
30424
22182
24539
6991
12527
28812
26347
27
11220
15936
5093
17194
24558
6239
22401
25252
8658
21495
31274
28316
17756
10568
30638
17903
30463
30663
17209
6767
16217
2921
1924
65
25866
18205
14154
3204
8391
22682
508
18227
22442
22876
181
29773
20428
233
12144
30771
4886
19545
1657
23377
29780
16149
18465
12544
27275
8415
22198
26027
13965
23827
9906
14385
1738
26412
8499
25227
3433
18569
2731
13743
15512
15218
16857
11444
7456
30550
27384
15158
29500
4694
23350
23292
9643
7176
22631
7384
6916
21876
251
16591
330
10851
28717
6522
13248
20442
29310
16044
13054
11233
24162
21334
25413
27272
25913
25255
1296
25644
28800
6263
7147
14583
24393
22757
14216
17830
14312
31551
21264
21903
8688
11299
16055
13794
15454
15076
18323
3631
9235
22063
4526
8744
16008
31727
22618
24745
7357
8301
2244
25589
2674
20668
27340
18243
7578
21588
19476
30073
23053
4605
24919
21815
15741
15343
20989
30231
18347
1847
8684
9011
21210
29276
28064
32488
20612
24387
11390
3034
15949
1104
28005
18232
26421
30926
16775
14402
17681
24721
18807
6408
5692
31449
6274
31860
31626
6266
25155
5514
12925
15674
9842
1007
16316
28795
20221
18856
7616
282
29786
20005
17361
16534
15387
4734
6449
31093
1475
31484
10391
9443
23000
20955
10206
9117
20281
26446
10239
32269
23218
29380
317
28598
15566
6506
20383
16851
492
15857
5027
14651
18581
32145
19249
7048
16909
32334
5838
3960
8488
29306
16146
23700
27487
30075
11868
19983
24611
9678
12996
15600
27250
8268
7249
1396
20647
16556
2925
27565
5782
19274
917
13168
17880
25638
5717
28526
4196
30512
14964
19361
351
30147
9068
22250
12342
3439
11548
4088
10729
15355
12225
14699
1194
25770
20515
14649
20902
19134
8204
1873
24867
5435
8958
28543
3275
16365
2853
10896
31815
7596
17035
4790
6160
20447
5259
30510
7810
22335
2952
21279
3891
8670
22239
27590
24706
14951
19737
6608
13171
31911
24166
16903
31162
29516
2887
16689
16917
17133
13194
20277
7903
17995
20859
7552
23267
16343
30041
13479
28782
17524
5383
21838
30376
17277
1028
24648
31011
20490
10141
2560
28085
3951
15201
23831
15491
28934
14806
20558
3679
4911
15722
29607
21844
31124
28076
30919
17278
30898
19644
6815
9247
31381
30976
10315
19184
226
14105
14138
3509
2075
22550
16528
31764
12319
20455
11720
18855
19952
4116
6302
7760
19129
31407
16940
16589
29712
391
1363
20364
8568
17822
18524
31680
21290
19165
12767
31412
11797
5127
9444
8543
31011
15084
18505
24122
32702
22751
7524
1358
32147
21353
27112
8849
30613
24895
30989
18034
9797
23410
30699
179
21809
12006
28967
32119
23483
517
11218
30876
4892
25268
29070
31562
28073
4230
32755
6092
4948
14128
10545
6047
10101
11582
26614
20425
7115
2820
27282
3948
13501
11734
22873
23707
8934
31612
23624
29548
21969
31200
9196
15183
27649
3850
31104
9886
25653
32078
6742
12405
29674
28612
25208
27843
10016
11001
2702
24225
11617
13796
32002
2275
30720
3868
1635
27885
3487
16968
25863
27593
14067
29142
31733
15734
26828
10480
11521
29314
3919
2475
7737
13275
7814
11138
28288
13538
3100
15876
7545
3009
5729
17353
10919
25598
31892
31146
12242
16209
3170
15921
31404
14515
10410
3407
27060
32184
11651
25677
4187
29214
21888
8709
26213
12710
1075
14162
1683
25634
6639
15301
16511
6096
13522
15002
455
5606
771
19434
23149
25966
2617
20002
8318
28756
2173
21427
30450
32446
21040
6411
15316
31899
20815
5829
8611
15743
2550
1052
30711
12974
18467
23974
26471
18295
23229
17471
9387
22467
32725
18498
24318
29933
26155
29952
28102
27860
26612
12394
375
18223
25306
17169
23477
11553
20805
7249
21177
28430
2265
9928
9205
7340
16960
16653
23035
25437
20009
11935
18843
9916
7056
5404
27211
1909
29504
22964
3533
19547
3223
29404
15115
25012
24458
583
12358
25303
22504
19218
20591
25082
19939
22591
32725
25157
26572
26468
13313
14379
18718
27556
15070
17401
12990
15583
32030
15023
30849
18214
16344
28944
28655
20082
10614
23797
15431
6805
3534
16614
7107
8048
17807
13803
6684
30055
5343
1952
19537
13842
25922
5768
31141
4405
22206
13475
21990
11763
27709
12355
12533
11326
22322
283
16259
23186
9855
19353
24857
29667
23703
11894
1883
31188
12511
3723
8845
32553
91
21734
14166
30335
12678
21277
452
22842
3969
16866
18833
15040
24688
3544
19365
7141
15138
26277
23771
4773
24560
17481
10760
6681
6375
22190
14650
7844
25897
4991
4157
6766
29584
22078
9316
22035
12437
18065
30597
8604
27504
30941
1606
6574
22145
32022
27543
19713
26351
20438
23936
22036
22415
25004
26397
15647
21255
10422
999
13898
2355
28786
52
4124
13255
23505
17154
26166
20022
19853
25840
27713
1235
10941
14477
25893
7990
11175
10197
6779
27106
11989
2809
26694
25381
17003
23647
12509
12095
22455
28138
19756
6086
21770
891
19740
6728
31174
30392
7248
18995
18617
18444
24338
2546
27817
16622
7053
24409
19248
2919
828
26435
14795
25294
28834
11385
2349
16855
27964
26070
23257
12748
21428
24489
29935
7961
25175
5211
2118
22286
20937
14418
7356
4833
17399
15636
6090
13298
8014
4016
4444
5459
10795
5722
27359
5768
31378
12629
23707
17291
3618
17174
27971
15892
7752
934
1994
19478
1204
9032
9081
12173
17417
92
12863
11127
2265
29827
18760
23072
14032
32004
14288
14499
22063
17006
58
2990
30076
17279
26460
389
21368
10053
3614
13642
25938
31363
18755
30587
3354
23638
11142
32700
5240
24088
30185
27607
16286
6789
25162
12289
3195
18460
31799
23647
29234
19144
31747
23496
13514
2240
22553
4045
8487
1708
145
28150
17721
3849
30977
591
30835
26830
17558
31523
18559
24912
22627
8712
7728
11619
2040
26139
11960
26050
8247
23437
3355
8881
9315
21599
28643
31456
24954
30313
32534
27027
19397
29345
15973
24576
23213
16794
26534
1528
22224
2379
18820
28106
20052
4114
32373
16229
9083
24825
4077
7868
27000
1335
22994
20847
898
30458
16943
26535
14886
12643
6444
27713
15073
466
13630
24624
13806
32357
8091
1308
3677
17851
25841
15183
20581
27646
24151
30418
25083
14624
1668
4051
8611
7268
12094
29258
26503
31009
11030
28893
7366
12483
16211
16128
23822
3602
29228
22112
22125
30135
2362
19330
23396
32763
19500
21927
23358
24531
24509
3572
13471
15130
19683
10703
5728
22557
2121
13452
25242
17500
3584
3145
18433
22671
25970
9750
1396
15848
8599
23898
3026
22680
12651
21106
29198
15252
5279
7322
28550
2457
18574
21265
20624
26477
372
12664
6486
25449
986
23419
19173
30260
12885
948
32384
209
9072
31180
19258
27612
21479
25572
10692
19472
18710
10035
19075
12301
14256
17392
4581
31576
692
10354
12022
29348
9885
16278
46
23888
25818
15969
14989
24624
17277
29926
1771
30096
13623
9834
2441
9846
32132
11463
2027
26920
9507
27406
8426
18670
4809
21360
19205
15129
7190
1119
3320
17732
8904
16624
9360
22746
4655
18564
4029
2009
20705
20903
11241
30421
31406
11320
24456
12351
30422
20171
496
15591
15994
21323
30059
9664
26449
9956
10123
17123
18076
28959
27582
31703
16476
30287
25634
23824
5826
31021
27803
9909
19943
24511
15394
14503
30653
8062
12384
32702
31814
13495
30587
18518
12803
10546
3120
6666
23216
28178
14370
191
22574
3324
4209
26341
11713
29819
8335
25849
8571
25507
14159
10830
4600
14581
2623
25358
21580
10371
9016
16251
11834
7509
19507
123
16551
18954
27998
11604
30285
11458
4464
22196
19124
2620
1081
2804
32094
9276
16253
24477
1346
12080
6658
13356
22653
19218
27880
4626
23619
912
9017
19967
4379
7019
26561
20064
20300
10013
25888
6951
10130
15038
19485
6858
15382
12072
5181
8334
9629
16986
10901
12293
14592
5914
732
6613
16604
22495
16068
21948
32650
237
24458
15825
3410
5570
13772
3853
26331
17841
924
21257
16358
17357
1234
5897
28220
22024
20902
5178
229
24476
20350
11576
22427
27306
9220
25811
20095
29985
24188
12819
21002
1250
19285
21882
28485
18210
9725
5000
13373
16143
7418
30853
29873
18358
23607
2426
18191
27940
4507
1665
19871
24779
8160
8766
8189
3368
29603
21166
26828
3235
11959
7967
2985
1975
7615
3968
26462
15954
11260
8411
2136
16511
18787
25376
24412
6722
30451
9252
20597
30403
27973
19433
11825
32431
4453
20000
29964
30172
11232
21740
23341
23596
5662
2281
2128
5555
20978
6765
2564
24092
16240
28686
22550
2888
25855
7780
32077
25401
32175
3344
14423
2351
16844
27900
10500
17936
7603
25573
23986
12301
19172
4375
21769
30083
32601
20344
18408
20255
10006
22728
20382
23878
23554
11815
15454
29876
4085
27096
12269
7779
7442
24132
20638
20142
12375
9794
10368
6070
17010
2709
1238
23301
4822
24758
27079
15985
22799
18133
28247
26691
8274
24858
5270
18073
345
31792
29207
26121
11886
14596
15524
7047
1477
9674
3888
1417
7694
26690
31501
10345
331
23865
14688
10762
2527
20818
4305
28862
5608
14086
17287
10599
1231
32234
6483
30941
13086
28464
23083
23696
26769
13169
19675
32367
27759
26026
3575
8
13338
22404
21268
240
24549
27352
28215
25701
31271
9330
9614
6706
11406
23573
13150
28371
24501
11712
573
9946
30968
4144
31105
27025
10887
13478
28152
16097
2489
5098
2778
9330
24483
19600
18171
32276
26602
13946
14917
25950
29141
20382
26470
7316
6054
26121
19910
10446
43
8996
22460
22359
24208
23607
30977
12884
9335
19499
4453
10406
6730
6804
26560
27921
20944
21487
20780
20637
9983
14119
22641
7228
17170
31839
31169
11694
21979
30955
18086
23458
31065
17567
1592
25886
29581
17485
9619
28704
19082
15753
3208
23430
24268
22447
10899
26667
32714
11816
20493
32083
11982
22504
10147
3145
1029
2107
25607
22342
27090
11458
30181
8085
8808
11448
24089
32501
19352
11642
28703
28735
21735
71
6347
19272
7140
7492
32058
14345
8889
20419
1544
23805
5375
30660
10947
19659
3799
1212
4512
30501
23094
3478
22381
8432
5760
10744
5063
10149
32345
28871
28045
5111
16312
16365
21397
16310
6716
12634
11677
4851
14276
24904
6532
7269
29498
27076
2234
2315
431
14186
20981
16147
12717
7024
2853
8187
13512
16102
16299
13814
10103
23355
22213
20625
19234
23556
15949
21654
9852
19961
11684
17200
19
16192
5353
15441
26406
29935
3182
81
16054
6604
22636
13528
32479
19031
21749
28925
8297
8714
24107
21679
26267
11743
2224
12116
31567
26643
15965
31153
4428
8489
4919
9994
207
31283
26270
4490
4715
21581
9416
1509
27667
22890
15470
12859
21622
595
7365
31808
16523
15852
20400
666
24428
7609
1076
19850
6247
11170
7468
29391
12114
19699
6206
12487
800
22183
24845
17624
6834
14054
25776
270
29679
22476
31076
25861
18711
8044
28285
15882
16468
12565
22691
4733
14739
21460
28218
23673
11921
8761
2082
22456
22841
26462
6817
26288
5165
19750
15005
21250
10659
16323
783
27925
1138
10875
28340
20222
30572
29099
31238
18084
3823
19980
8554
11041
8375
27957
4011
8555
3574
31585
4263
5171
27559
31347
7240
25357
1311
2615
3510
3282
27877
1515
23243
22850
4035
6910
24520
17902
32285
15639
4934
14934
24450
7001
13935
18254
17537
31462
21869
30118
19134
6817
11299
26633
18245
1081
17179
21542
27421
28259
22720
5902
5665
5222
27342
26845
19467
9949
29702
29597
32722
14776
12838
20839
10550
21381
2072
13771
22680
494
20586
18035
15632
6018
13310
26370
20666
30392
22787
31810
8016
3632
32291
27263
23294
27197
22014
21294
13169
32673
14040
21971
9010
5015
29326
22561
10034
25879
27343
6498
5286
31573
13704
5401
276
15755
26016
30950
28846
14328
19430
12715
16096
12840
17480
21485
29989
31351
25413
25469
1054
2769
6053
15959
4837
27323
5223
11978
22687
29335
5883
26841
13392
21539
23985
30434
30452
3140
25202
22909
5067
8706
11694
24231
10996
22227
21909
29728
8765
11292
32138
30993
16442
25077
27092
21234
32148
21293
31639
18859
164
21133
10499
28409
30528
28001
17868
5396
17109
14133
12250
6287
10934
733
13377
383
2228
11448
16499
16351
9199
23093
13237
1843
11756
21141
25807
3436
5607
21747
12296
12556
9834
3970
8529
19082
8478
7191
3777
11512
19682
9703
14145
6627
10778
7313
14729
11387
16713
6239
30539
32755
16355
21448
14509
5419
22364
24122
9213
15245
4741
27671
23968
309
5400
26622
25676
28244
31121
10571
32120
4054
16704
29665
17936
5442
2717
9511
15212
1506
475
12880
20611
20773
16320
23520
25436
15937
2739
14955
9926
32540
11799
2208
21577
27245
23511
20103
14940
8478
19522
20999
31448
8950
4122
28843
3501
5748
18663
18086
23508
18430
15249
18196
1669
9275
28974
10626
11945
12733
23065
20657
20626
19939
10052
3735
2026
12541
19919
27047
20457
32178
26841
18258
5067
24479
28054
8142
9090
32065
26017
7958
24744
16661
9108
22322
14263
15869
9687
26552
14716
13030
7093
16019
26825
29096
16565
22019
4203
11565
551
5093
13659
29398
8957
11829
31033
21274
20956
14545
245
32113
25971
16511
13264
21360
13068
5938
26243
14133
13152
13705
18109
6405
27056
21913
6867
2100
16657
10988
10675
19269
21512
23497
24347
17235
21078
8118
8
7856
30997
10044
880
7883
20740
12522
25395
30039
10016
28573
31056
31913
29556
9726
15700
20322
8753
6987
30233
847
29441
19803
13228
2957
25241
988
9615
1521
21133
10464
8481
30630
25449
2712
27738
15640
13565
27230
8379
12561
248
31993
14981
20258
17337
16413
10282
21829
26465
18738
28161
10432
9517
29014
12861
589
4355
677
17696
9591
842
19128
31084
10055
21759
13931
24859
2080
8709
23268
16975
9448
1469
4049
22668
17256
1495
32496
13861
15862
8040
19669
23028
4689
10812
16104
19790
22476
1645
685
24118
24751
18484
31304
18897
2778
22016
12864
27419
939
11461
25731
16855
802
16023
11434
26060
16963
8055
20863
14894
12476
29805
18364
30043
11720
22743
21014
20680
18515
11776
25210
30010
19039
2292
8343
30521
5030
12947
14748
30657
1921
28133
23875
15676
4616
30893
3086
22701
2171
31297
6864
11054
26849
21656
3952
24476
15598
2981
15082
11409
9258
14051
13462
29330
18768
12594
6829
2698
18164
31457
15369
22647
16233
524
3884
30308
11234
17704
6788
2967
9943
988
12782
9227
13739
29202
11640
7201
21899
8527
32107
29842
20377
5183
16265
8872
6218
12437
14739
12462
15884
786
23822
17061
11053
2530
14407
21304
16120
31023
30869
15602
545
11761
25054
25519
31331
17155
24412
4688
24935
31868
4513
24755
17128
32060
32217
13795
17941
31429
16976
14987
9782
25421
29748
20401
7827
10769
2715
23968
19857
11755
31431
3878
21279
28199
27049
19712
11856
403
5797
3475
7753
981
25493
19677
2654
27905
7696
16554
13688
1899
28140
7435
16570
30650
3329
32004
16740
2878
11312
17285
28151
16516
10661
2203
9882
15911
31832
26344
23740
11240
30938
15697
7675
8705
21326
14582
17988
8887
693
15207
7484
21039
26992
28949
25311
24706
26367
11270
3943
23059
14095
22221
19056
21025
16820
5050
23897
7064
16627
23630
9453
1069
24451
13553
17987
17833
13524
18663
10978
8581
16977
641
2089
23224
21987
29584
30191
461
30134
8735
22630
18232
14655
3426
8517
18410
13182
32489
11302
2083
21120
31769
14892
4232
22569
27613
20714
24949
20528
17561
128
12436
10091
22112
21767
9391
18509
1382
30512
962
24749
2232
16423
1877
13512
298
17598
19208
9098
31889
7111
2416
16393
14643
25537
6945
9299
15740
19384
27660
24937
6131
9062
23308
12427
23404
13982
14267
18870
11134
30699
21130
876
27959
15988
21265
8115
28687
6946
18595
27232
8987
2309
10534
3221
10883
31988
12833
14729
26934
6260
24599
6279
21212
988
28692
4154
6669
13238
8069
22311
3776
7527
7756
28027
16646
7955
26388
25607
15352
7867
29154
5257
27885
9384
29933
12077
2801
29965
10160
16723
4723
27880
15421
6547
10558
9769
724
11518
32427
10006
27572
24999
31764
8430
23345
25187
22923
460
1031
24524
27340
24015
15342
25228
14449
29560
32367
4824
14693
20307
4597
6458
16539
21210
807
31892
29440
8854
27253
8546
22958
16263
12273
20031
25698
20422
16737
22955
28720
23145
28306
25867
9845
31399
24559
18673
18446
20029
23377
5790
14535
8975
19225
21189
24342
10259
15229
19858
11274
9579
16927
15339
24446
32721
996
30198
23698
2872
19715
32475
8796
28848
28508
14795
15578
11147
23308
28737
16939
25022
9534
3463
12287
7050
28995
13181
15693
7771
28646
3222
29764
28400
26873
32547
10371
16060
820
9684
7564
18572
15936
12667
29046
24683
21262
6164
8163
15042
28269
13571
12594
11972
31196
16028
27126
30729
26268
13544
3750
15225
12042
11686
3990
21356
556
8593
12581
10000
19850
7905
1080
4362
6463
1300
17128
6496
27215
11758
25976
1686
7995
10175
906
2583
31443
25828
21906
3031
20812
1168
27274
22839
2962
6349
26088
15145
29919
3517
22989
14228
1677
5670
4479
506
9769
16685
24601
24408
2504
7522
18305
333
13982
3325
2971
7295
19916
12135
1468
15931
7034
1021
19554
9563
7206
10768
802
8813
27707
25136
26337
17169
21990
13482
27207
19619
28965
24911
30321
18970
2593
31863
9190
12592
16829
23878
32717
25284
7279
16686
12637
2684
29519
18613
5012
8622
31597
12665
5932
6529
22376
29041
203
28751
26428
6005
22394
13902
19036
5377
5976
17776
18433
21814
31887
12423
4545
17697
31368
11693
5219
12608
13147
32739
19186
7234
906
9208
18448
29455
30190
17581
27021
16904
13297
14870
27192
20368
17918
6211
17909
16331
14390
4384
9232
9637
30565
11674
15313
9495
31284
8707
26449
2726
2720
16824
22667
31788
17322
22017
9398
9946
5968
23608
6611
3710
28861
28462
4738
25090
18109
24522
15385
31029
12915
16627
759
24527
24142
27312
6422
4527
24889
14478
19168
19558
23058
1859
5700
6649
24414
13712
14344
30947
5947
11372
9057
17754
2965
12894
6081
18387
3741
3627
18672
3272
17271
15537
19806
27065
7987
15891
18104
21361
30207
15894
30905
27018
26779
7115
16963
23347
17933
5231
11438
2353
13717
5519
1376
2340
15587
31343
13725
28172
30344
14509
19617
31243
3243
16418
28652
7533
19453
4617
9694
26341
25327
21347
11907
18713
8482
24218
24240
22881
19230
6244
12623
27596
22088
3050
759
12389
8462
4650
11200
13748
31589
2201
27477
29831
4981
23309
23370
18674
6802
25819
23472
31892
13935
27964
11751
17948
4750
17142
12724
25100
9723
15160
30867
10429
314
6085
9039
17827
14462
6228
15823
29651
15900
15159
3379
25538
16702
28988
1056
11856
25820
18641
20823
30981
25320
21611
15501
12186
28617
20520
17783
30395
29195
19123
14628
15371
25173
21864
12687
1897
26523
32696
13173
29042
916
8655
24164
25414
25455
14965
25365
911
10434
25650
13307
29888
16067
9654
9244
18587
4026
8567
26656
19702
11958
26780
11687
5566
18815
29978
15584
26684
30413
3869
22616
27543
13495
8617
20239
17051
11118
17025
29905
29368
2091
29000
29891
15438
1126
20966
12861
18472
27977
26157
11223
20038
16228
2749
5319
6623
10914
15140
6250
3750
4732
24906
31776
4941
24172
13325
4957
1351
11941
26920
14845
6611
18689
15961
18648
20534
21051
7619
14487
22855
10078
24977
26310
6193
27517
31452
12586
8309
7589
32718
23380
21806
19216
25864
29302
3481
12699
26178
9078
25300
26234
25137
14145
2790
21803
11694
10594
25856
10920
8724
3283
6915
225
27370
13074
31809
24169
22210
18808
30088
24176
12128
24775
19037
5361
23839
4866
29573
812
22929
15233
18122
12375
13670
30020
19451
14993
13711
21384
25397
29719
19363
2200
8289
24762
28033
28390
32766
10129
4151
10330
22817
19691
18978
18410
12473
18567
24663
14699
21016
19464
17218
23462
20655
19875
16013
175
22297
11035
24643
18546
26460
30959
23350
2447
28779
20946
26782
15464
23791
14939
27906
7287
32582
27902
25692
29670
32460
8763
22904
17753
10842
10517
27805
18447
21517
25542
11631
27177
6729
31921
19476
19785
16893
26520
26006
29023
1576
783
28552
448
156
28208
1773
30841
4098
26257
9813
3042
24350
17011
1865
6774
29012
23356
13033
2273
22635
31784
1492
18011
30610
10555
11080
27445
30624
21114
21387
9649
20640
18266
10633
26903
3213
32377
19390
4869
10074
1420
19542
31495
12341
11672
31891
8295
4109
18278
1904
27207
6482
1073
8068
11756
17660
20129
17448
28509
16590
12285
25052
4141
13020
5532
20967
24725
22091
2716
32062
18118
21848
14807
9895
28796
1179
19475
8222
17111
25485
30329
28536
31847
1609
19785
9798
15749
19599
11979
28924
27370
2574
23177
8531
7802
995
2235
14315
6753
26461
5635
12597
29281
7683
5978
6544
24426
8920
27210
11442
29036
15581
5471
1098
4969
17112
3288
6627
5582
19540
12193
8204
13059
29673
4230
30390
16961
3773
24481
16093
3236
32075
2068
20843
30849
31075
22014
7513
32505
1394
14503
12567
8142
24836
29950
29486
18294
9863
23622
20004
23406
30290
23308
21407
24785
21222
29788
6862
28969
4723
32052
24069
29061
2462
11321
7079
16332
21377
20905
15945
19024
23283
19345
4116
17830
2314
2624
32107
29878
15583
14587
27342
14094
28817
24306
8703
20860
12173
3187
6755
9435
16908
26718
8362
18221
12765
12761
8627
13034
3172
2628
7337
152
1507
7024
115
24220
25080
28171
30795
15184
17767
1119
27564
21845
21786
3389
13682
9771
18022
17203
22077
23294
17552
19461
9750
20419
20368
11355
18773
16516
30740
9144
27841
9464
7368
1195
3322
27223
3285
23881
19732
32620
13223
986
8325
26348
12788
23507
19521
17414
2042
26373
803
5435
13576
30483
8591
4464
28735
4905
19542
23362
24218
26091
30425
32409
27180
18348
5234
27776
7849
14561
30991
26932
12072
24789
11552
8314
2343
25758
14516
21558
6352
10831
10718
22842
8827
23663
23134
22108
21875
16810
14461
31179
31741
15559
5945
6307
27798
2266
18850
27838
8317
1467
3460
25806
4977
10422
2374
15016
20668
25988
24850
17379
20848
9082
10039
12450
4081
4865
11211
11438
29875
30534
28564
5832
69
14387
15913
16957
22159
20637
13140
30394
3928
27839
12219
8802
28683
19687
191
29214
29370
16495
16293
17460
15971
19695
11251
10524
29810
21937
1309
26255
30600
22373
10081
12512
3963
3094
28656
3727
3742
2909
11342
6684
23618
15061
6395
5657
2172
8910
13139
1923
19753
31558
25267
19026
8240
1301
15581
21583
15111
871
27038
6694
15225
26991
27054
19132
16806
4186
17623
21698
12107
2434
25433
27275
27715
24805
5774
30746
21582
25557
5322
16256
12818
16369
27781
3941
27487
3667
12988
18404
17079
7947
28820
8604
21006
6348
5185
27395
8910
16614
26918
12286
1822
32628
23357
32687
6244
29655
2490
17550
32520
11619
27883
25276
26492
23639
4963
4244
18553
3859
14935
7554
24203
20357
17736
6936
207
13541
22754
7262
13051
15778
7461
32618
6304
1436
27330
30001
11692
11411
26568
15261
26675
223
22399
15840
10095
16994
8596
3847
5125
4540
21623
29394
21897
24509
9986
26819
16709
28960
15707
28021
26166
19062
13595
26159
6744
6240
15536
27321
27940
26625
14848
24942
9046
17331
17486
8595
8179
2041
30050
4071
24203
1206
21988
27003
25275
16028
26890
12484
16631
25830
7027
28911
9350
20298
6482
19316
30414
6185
20430
1006
3026
9994
7593
32298
30713
16198
30496
25214
29457
26372
275
23644
27795
14952
26470
10022
13609
32520
29351
23876
24941
2976
8433
15733
18932
22534
17936
23138
19595
18784
30437
26745
12992
3732
17420
7672
24997
8448
1981
22856
14032
15724
19184
397
13990
26940
1477
21883
28634
22506
16162
7275
14384
17588
20382
28078
9863
5266
19358
545
28182
21611
22717
17409
32502
26504
29298
4353
4064
31305
25069
25242
30009
3351
27969
20643
26955
11161
456
8737
10710
9259
24003
24672
3783
21388
32066
8259
32327
22742
20036
30168
25079
17844
28702
17967
378
7887
545
27501
26165
16521
17783
24348
11346
31726
5710
24261
25867
32743
57
16065
28197
25265
29138
24396
25274
24462
21413
30683
2364
7355
1609
11440
25271
3489
3024
8875
16214
17743
24674
1379
31785
19752
17956
13173
20005
21465
2142
1308
15981
18575
31198
24834
15312
13926
12951
4950
26002
29732
20622
6943
29551
31783
16375
25040
24285
156
20122
4380
12690
4082
3708
31499
7494
23950
19388
18510
16570
705
6587
24784
15865
19447
15231
17037
1501
26161
27482
15015
31958
181
17862
13494
23783
14083
23444
5216
30961
22284
12102
19755
17716
22431
8633
11406
18707
4900
4615
2638
24087
6796
13483
21256
24631
13448
26086
8457
13143
23801
31586
22374
16910
22696
22806
29514
22956
12600
19817
1930
1916
11609
30874
5759
23366
6462
17247
15892
13080
29520
10444
27166
29766
20772
22391
236
21936
4266
28122
15903
8003
10664
22008
12220
707
13159
1092
2432
29127
29357
7614
17012
5381
1002
18783
12481
18639
30134
12471
6084
17118
26491
29653
23653
17743
111
5223
21413
747
21190
7202
24439
6315
32549
612
19921
16507
11353
5400
11778
8511
10057
26843
4166
24596
16169
5212
25496
22232
12785
15113
26055
5100
15630
10984
22988
1848
9815
4546
30811
112
20802
3463
20152
25238
13400
7150
32716
12481
17126
11612
7032
22556
7926
24327
41
23345
10109
8283
31405
17000
14038
18333
6213
30154
9583
22990
24315
25611
25795
2514
24629
6856
18056
13009
22923
13325
17449
20958
22486
15642
23158
17110
4233
31335
19867
17547
25925
11493
26958
2082
17831
15495
4429
20410
25445
27649
13832
24655
27801
31184
410
19165
16476
21114
20734
20680
20887
14359
19840
26491
11286
784
14961
8015
20446
24615
19231
29103
22209
12215
5381
14971
6191
27197
29246
24745
16207
11800
26688
29234
1870
23181
26310
14124
4600
23566
29454
51
3205
3516
4933
13326
5813
21546
3648
24720
8223
21860
21356
21179
12229
29232
7944
31276
18925
25747
11921
7091
26668
10135
6526
5953
14276
3148
8750
17671
4656
8205
4895
11740
25596
18436
31840
8927
30170
13809
25929
30814
19443
6694
18025
26615
3963
14038
24512
24061
13960
14480
16174
13854
24100
30727
2860
11074
2720
2324
26042
32437
16940
15102
31640
6793
13733
28152
5049
13110
27566
25067
13045
11396
8706
25206
10238
17835
22793
29748
5013
20664
15785
26429
16638
31026
25950
29423
25265
24062
4237
16110
1874
640
26389
32105
23267
23299
25384
31391
2105
30811
24153
17826
20140
5832
29941
22107
8211
5150
13207
21711
23280
4387
17143
26016
29927
16953
1539
8151
10613
13117
24113
4064
222
686
2579
27606
17255
22546
21036
23810
11462
6549
30722
670
29655
9460
7028
4574
31376
3993
2638
14129
14903
12808
11803
7364
16338
633
3130
14919
19680
710
3124
20981
28742
17800
30797
16078
11148
20093
27737
30759
30793
21038
9937
28261
16860
6350
28710
9478
10077
2148
3157
11745
6612
6701
27324
27054
10920
16187
2092
12744
7770
30819
14143
20274
6002
9558
17132
25304
28090
20238
8024
8984
1451
29036
7407
4737
15397
2079
20916
5083
14947
25287
11477
32615
17965
1114
26755
7528
25167
4551
19968
10721
21323
5082
32762
17825
23627
4192
16151
30845
18521
16011
23761
10461
5074
23192
20612
11386
18968
23726
8901
22117
27528
5898
8950
9804
28588
32601
6935
31993
14257
10085
30175
31259
1307
10484
2828
26441
18615
2285
1527
21572
24017
21949
6763
18556
1448
1273
31671
11734
14111
21573
18946
22701
5813
12660
27103
20759
10935
28145
31266
16745
8117
16733
23537
11773
12594
24441
286
23090
2719
9543
29876
32437
13451
8556
20943
13567
25108
31705
7345
15391
12961
170
12819
31418
15315
21070
16569
25168
28600
1769
329
6080
13122
13558
8285
1295
14584
13105
3799
14437
29676
4020
11381
13400
14061
608
165
5485
21501
24190
30106
12508
20486
18342
18847
4244
32456
11744
10923
28799
6934
21770
12342
8455
12098
27514
10060
29401
25046
29668
25824
4073
31364
1661
4706
26038
13152
11616
10388
1231
10829
24625
3225
6550
1717
25345
846
25156
10110
3186
28382
17965
27961
14108
2705
29254
29852
25135
6373
7908
21810
17753
14304
25286
14417
23530
20388
14166
23629
11062
20292
4652
22507
18490
11222
14292
12824
24707
21962
11217
8667
19020
6266
25057
2697
24551
6145
5251
2104
10846
24913
25783
8309
8025
16512
9989
27450
30274
20835
448
18458
22696
32350
16524
29631
29153
24954
286
4502
8692
15288
7491
32201
22454
30374
30244
31598
22066
25647
1224
4862
26958
12471
21466
13576
19884
15208
18093
29990
20431
18630
20861
28977
26239
17290
1784
14513
19566
32685
7932
18583
23835
13251
23203
28463
14583
7306
27005
11344
29895
32451
13340
25046
22601
31552
12246
26705
28698
26943
8134
23551
30423
10998
26388
13816
22914
12399
20598
1449
23336
7318
28407
24195
7105
16529
31736
19956
1624
24911
22132
28055
27244
31588
1928
26024
17557
30996
28722
29626
31339
3757
1113
18860
3491
12571
14093
22745
2683
23222
31761
23951
13657
4702
662
16067
15278
26826
3402
5634
27681
24605
2961
29611
14826
29114
22546
13148
3963
9818
16502
29866
13414
29788
14956
3093
19067
22620
27121
58
9776
23558
23758
26443
1607
32556
8034
14525
28330
14103
3745
26432
10906
30747
2909
22260
14856
32110
29381
986
11843
17211
43
27785
14804
26353
31754
5410
30630
25057
23623
13957
11627
21000
14775
28101
3386
17705
16098
32730
14973
14880
29702
1430
5642
19570
3167
5083
5520
15912
6310
13322
10805
21470
17112
16574
31357
14103
30520
31419
29550
21203
7831
27169
29938
24164
19923
24550
7548
2685
3742
11138
30958
1164
9600
22764
5819
17481
31007
2758
19272
22415
32447
17620
8345
8300
20485
15027
14889
14708
19968
30408
12313
29786
30058
28022
9613
9921
18474
20628
7764
14671
28702
14110
22471
11523
32536
27946
10483
2761
28710
30
11770
29004
19991
23329
17078
13580
9018
1999
4256
18096
5737
26417
13296
21405
22854
30444
15366
21703
19397
30392
2825
32711
30955
532
22734
20015
20693
29241
23803
3866
17403
7244
25708
14087
9142
16343
21973
25063
27648
14714
27049
15220
23163
19934
6459
16837
30390
8427
2340
5663
28587
11579
29412
20495
29324
20430
20940
1717
24255
15359
22299
1123
31527
27574
26983
22631
4261
24544
13118
15140
3550
17692
1294
30824
6207
20663
3650
21497
11839
27099
12718
7281
16100
29443
31021
24652
23177
18354
27784
31040
24798
16997
20378
25037
20528
24262
2994
2324
6635
19490
18489
6380
8285
1053
30357
25139
16828
14757
21836
25442
5227
13348
11885
7524
14457
27386
21804
10921
25195
29994
9932
19574
827
8531
4802
25215
12704
18915
28183
183
14480
14727
5646
5991
28419
13286
9735
24957
15611
30350
17571
3367
29121
17966
19497
21153
20337
23559
21032
27980
28600
18333
21086
11007
26077
6322
217
1441
16894
25972
1884
31480
22941
246
12804
5820
31067
30173
20267
25328
25602
6492
18061
12914
17097
19042
11177
31184
27348
12561
20331
10845
7163
4723
5383
17284
7372
3176
3624
3677
22483
19939
8778
14206
24089
8022
17764
15124
29418
20331
459
22322
1243
22517
22867
30824
14348
20262
16823
21656
26027
30978
16443
10245
13497
3347
26767
18605
12305
1119
17143
985
32166
919
23977
31218
6924
13713
3446
27798
17210
10744
8621
13035
24974
3139
3901
18483
13841
18147
22297
10401
3837
26305
11233
28779
15228
21223
6846
28961
7091
11389
15246
12605
29183
27384
11329
2555
22910
2190
23426
22379
1490
21229
26266
28356
12321
13356
3730
20219
21856
2050
2200
16276
10706
20790
11685
20921
26059
25430
19804
30601
20410
21676
10292
9650
10086
19566
21721
13122
22136
309
5328
27578
2618
31664
23642
1892
6814
29082
4508
32231
25218
19689
18172
26393
27954
13129
29902
24084
7471
8648
30256
6796
12335
28883
19762
13408
17508
21601
29243
17774
17153
11374
12968
23980
21499
14763
25269
32117
16140
2676
26273
2592
24062
13314
22285
28887
1062
11234
17574
27558
32559
21925
24323
7379
5401
6362
720
29806
9088
4921
29485
5160
17442
15137
16977
9577
6812
1605
11635
21916
12148
26786
28650
27854
31836
16308
20883
12919
3509
32233
29811
5271
23891
10838
9629
17669
19072
2216
13654
16644
21315
32094
6776
30488
29410
566
25876
32536
18853
16101
17499
6275
29149
6667
9151
25367
9765
22118
9045
1440
7400
4166
28542
14095
15651
12097
15302
24011
4204
8231
25868
14668
5684
27449
32484
18917
23625
31381
20537
27361
158
9461
823
21202
79
20633
3175
28198
30688
17026
3356
18427
14534
28129
13583
30005
22568
22479
26438
13773
6886
25406
9786
16491
25307
6448
2872
27704
351
16679
19720
11501
4880
24028
6605
5425
18643
25139
18476
21281
16917
12911
9136
23344
23639
17826
22637
13617
7145
31592
16868
8114
4597
31189
8487
32140
25536
10156
32318
16824
22317
5842
14536
19812
2179
29442
3045
29766
11631
18625
2388
6961
2381
14485
20441
9446
30371
27250
226
8492
10734
21877
14697
29219
4514
12245
4636
23509
30572
6934
27324
12814
18106
24703
1219
6254
7293
20943
12617
2236
1069
8748
5672
4989
1550
19292
20063
3781
27315
21303
27060
10062
22464
1372
3998
1991
10740
29988
18785
2670
12390
23508
14203
10465
11534
10007
13887
7729
16008
19371
13760
28473
5909
12378
18672
19758
9443
17708
12297
1655
3982
6875
25132
31166
12006
3719
23112
16199
24307
23979
11070
31872
21814
13904
8003
5594
23346
6016
26245
13016
4651
5630
6417
18533
9262
22836
4084
7531
1617
25709
22944
32161
12348
68
19858
3749
27880
22620
818
31562
10407
8530
12283
26931
24677
23280
12507
27809
5677
676
17117
28297
28399
18992
12037
14570
23936
9890
28027
7517
32482
19335
1005
27118
3014
26204
9006
8234
847
11845
18467
8825
29465
7170
25567
19374
122
24094
20237
9437
5895
23913
3214
11628
24666
26025
8036
26989
26899
18061
30671
10795
5917
226
15285
17667
21811
21513
28231
11382
6050
16297
15074
8060
7760
19873
26419
25370
6141
14401
12447
14902
2761
16569
6370
4011
9718
18897
26102
1689
24816
2779
22838
25854
2954
28390
25027
3211
13195
29749
20007
30128
873
8176
16696
24826
32340
23064
28223
12958
15734
17856
24666
11350
4730
27003
20767
31083
13131
15377
21122
16659
21278
26998
20473
13054
19634
25596
10974
16940
16854
5575
30228
513
21549
18049
5357
22939
23342
2384
16715
355
15214
18181
15622
32482
17186
14487
12942
4823
12255
26063
2258
19846
16805
31812
11872
15698
32540
4746
8141
27534
3869
11175
11607
7057
19316
3782
17353
8
28901
18224
15519
23185
4205
24695
31083
14725
9673
13044
20087
18452
30525
21620
172
25752
8846
303
23218
28963
31568
4346
7513
4698
7784
19645
20280
20615
24265
14374
12180
20201
28545
9119
20611
3407
28409
6782
7248
26597
14200
380
18978
18765
6378
31081
1497
17137
24544
23070
20281
32664
19927
22962
21578
17464
26301
13297
19198
29451
14257
26121
3605
17637
31499
21127
318
11461
15772
24962
127
6570
26935
28950
24278
2728
22639
10773
14369
10554
22435
3320
6715
24026
14136
19228
18792
4815
21286
16427
9203
6471
13238
8151
26901
25765
11146
11215
26393
4124
5853
1515
21694
25213
8204
29354
23005
17485
11605
8159
2891
23579
23519
17319
24065
17680
11259
10142
21882
5064
17066
29779
29021
7520
25695
20729
7772
13521
3334
11103
11868
21116
18756
15394
7126
23046
13569
6945
7293
29285
17188
30769
18209
9275
12957
19474
20691
12899
21673
5538
9546
24778
2129
30545
24197
7553
3892
18645
24498
16400
8071
28959
5967
21260
22362
7309
11407
7148
29981
9057
7167
21784
31074
13426
1897
20035
5605
6177
15608
26363
3529
8079
14750
6014
27428
5133
10931
31696
11710
15060
13023
5386
22294
16631
30265
13557
30630
9109
12720
18391
8552
26707
25003
28813
25497
14857
15340
10970
13245
15804
186
26623
26595
13261
26431
22924
9770
14703
10543
24181
28036
15966
29098
18024
7098
719
13156
24414
5297
12706
10755
369
28395
27359
2760
3309
18768
21088
10354
3753
11823
30411
3679
32408
10112
9412
22261
19611
26732
31328
16704
12185
12303
20188
18908
27346
18812
17039
19222
32112
19713
2845
26702
28767
1709
20462
18592
13919
9744
10974
25795
21080
6978
8502
27696
14317
17703
10460
1415
6739
21744
3526
28207
7524
2789
19380
15677
7407
12386
12319
19864
32339
29472
22636
4954
16460
1462
24678
24697
15628
10592
21739
23718
21134
1278
16101
13429
25895
28000
23165
17343
28766
704
20107
16197
6653
18320
30800
8597
31592
5239
8039
24370
5422
3478
9721
9711
8414
32015
2353
11164
13596
14024
17903
20452
28659
26988
30145
5494
7021
179
14351
13923
97
31972
15253
22471
23437
25496
31766
8364
10468
11712
2127
14379
14633
22249
25643
28372
17853
29119
23349
5969
30390
26064
22354
21061
3888
14995
4016
20858
13288
5033
9210
22076
7
16994
30670
28416
23611
4227
25200
14410
19468
10311
1728
9421
9582
15779
26473
4307
26258
23758
2908
9439
7682
513
18045
19345
6381
24188
31387
16075
19391
28361
25766
28690
10485
17988
18972
20535
23088
13275
6853
14902
3976
9235
23200
1374
22818
25675
26653
690
16133
11077
29324
27024
2857
2786
13526
30608
31185
12077
18539
18351
17435
3739
9339
9389
14550
28562
7529
23219
22419
26407
30845
19513
8703
13612
26585
20007
6000
8554
686
3898
3773
15915
3503
3754
25171
13308
10182
26122
8837
31408
12038
27247
16932
9128
29154
26836
29008
6482
156
445
6797
30704
13056
26651
13850
25499
13905
1904
26494
32647
14212
21811
6499
27272
32172
20854
2983
25813
2230
31430
1969
781
2134
14675
12033
4727
16193
1361
6155
4750
9885
19613
11590
26557
26037
23460
640
11111
29170
19841
5236
15658
27399
18277
9886
31077
1899
828
13134
14583
9484
28045
8700
32330
21058
23202
14299
29585
25345
5866
30384
7757
26196
22171
24037
27670
4102
18587
16857
31896
27298
20641
11643
19676
26015
11416
535
10185
5076
2372
18800
32746
11826
18983
28174
5745
11953
2214
19929
4988
6027
3688
23271
29592
15017
20223
16019
28291
5466
9418
13007
15159
5195
21785
1467
21795
21428
8083
31606
9916
12239
23765
563
15668
14734
28764
27792
27017
25485
4517
9764
29378
31558
12434
5719
15734
17028
30992
9591
3213
15642
14839
6152
16202
1748
13106
13403
12426
17838
3871
26210
6982
3140
2872
21954
10335
16522
5108
8746
2459
23229
22504
14819
17898
4249
5682
32425
6895
16589
11287
11450
6075
12972
9707
14380
21724
32293
22321
5251
28054
12277
15876
6787
7792
32283
13750
67
11507
8332
15542
6019
31918
8745
20919
17983
30077
15854
11278
28037
7947
7276
21340
12931
5526
1401
23150
24036
15346
23078
16737
17757
20177
27377
17162
29570
15681
32316
4501
479
27254
6910
18027
22852
15562
27577
2394
19552
7682
19884
13040
16529
20691
24649
28199
22779
16293
10473
7496
22488
10390
7871
1545
10766
19138
13066
2296
20743
30914
10639
26653
7869
13426
21831
24795
30740
14327
3413
7448
4461
4097
28218
16286
22904
11086
15180
4032
1609
880
29797
2112
30895
17103
29656
19824
27073
3057
10409
20120
5817
17913
16637
5784
24326
4718
22735
4046
2204
20542
229
16186
7823
20483
12802
15072
7648
7556
94
24430
25751
639
9043
2335
5905
9894
9561
21471
28572
28903
20532
9904
11329
3568
10604
3660
3809
16371
4862
11020
9092
23462
25681
13832
16621
5775
3947
24960
30578
2686
9829
6267
25098
4699
21788
25005
3496
25633
9002
27038
27335
3115
4629
30729
32070
11695
27589
21634
15991
11400
21820
24156
25971
9272
31105
23498
2480
20525
24797
17476
21461
18755
18506
2605
12492
15499
3369
10162
15129
32587
307
29429
20075
9285
15026
32107
31089
30268
13553
642
16879
31669
21745
10632
28433
26619
9821
7880
19967
7525
25792
18422
9393
9435
9462
6093
18181
16023
13025
17654
527
28713
30557
26668
20912
13246
31349
17822
5226
11425
21975
17812
12658
1282
11141
24662
25863
22775
29902
330
9987
21184
15741
9564
24496
23631
8016
14498
24284
2568
4523
30528
18736
8901
24974
21898
28605
26909
26053
13161
17880
2534
17246
24320
26920
21496
22112
10895
28669
7476
4794
6551
29155
30917
29050
26943
32376
8870
15935
30710
30330
17508
22769
20570
31524
30502
16303
23384
26555
9962
29961
32149
2404
15121
5744
9229
2360
10270
14058
1019
15514
20155
21003
4600
20424
19453
27424
29798
32433
7912
11437
29967
20487
18230
7194
13834
1684
16724
13737
11743
15569
942
1195
12010
24245
24876
3060
32261
30155
29948
4748
15457
31623
31635
